   0.0000000e+00   9.7783031e-04   7.8951957e-05   2.4681178e-05   9.1296327e-06   1.4748067e-05   5.9901157e-06   7.3750701e-06   5.9741457e-06   4.8727788e-06   4.8692999e-06   3.3421233e-06   1.9783553e-06   1.6938399e-06   1.9626737e-06   1.4814676e-06   2.0402924e-06   2.7380007e-06   2.5488651e-06   8.7699627e-07   8.4316995e-07   6.0545562e-07   8.3650859e-07   8.5249371e-07   9.2357394e-07   1.5179526e-06   5.5140115e-07   4.3779513e-07   9.6665986e-07   3.3321863e-07   2.7962278e-07   1.0748690e-06   1.6872011e-07   9.2878673e-08   5.1417183e-06   6.4220498e-06   3.8254646e-06   1.3761328e-06   3.1321708e-06   1.0622471e-06   1.0867342e-06   6.5305250e-07   1.6000925e-06   1.9380630e-06   1.4436874e-06   3.5545717e-06   7.6946997e-07   6.5705357e-07   7.7366799e-07   7.4865732e-07   8.1990316e-07   8.0348434e-07   7.4260527e-07   7.8623967e-07   6.6593558e-07   7.3481722e-07   7.4266155e-07   8.1450787e-07   8.5338142e-07   1.1256431e-06   9.8655749e-07   1.0908949e-06
   9.7783031e-04   0.0000000e+00   1.4856361e-03   7.7021951e-05   4.2687190e-05   2.8431677e-05   2.3509249e-05   1.7710249e-05   2.0145304e-05   1.1306781e-05   6.4818035e-06   6.6878131e-06   3.6739607e-06   3.3954336e-06   2.3787139e-06   2.2250163e-06   2.1273060e-06   2.1237711e-06   2.2992878e-06   1.7467813e-06   1.1987940e-06   1.2555287e-06   1.1868945e-06   1.0539305e-06   1.5069827e-06   1.2866437e-06   5.8426145e-07   5.4271965e-07   6.7039048e-07   2.6886802e-07   3.9626090e-07   2.5947645e-07   9.6750392e-08   8.0832925e-08   1.4509985e-06   1.2367935e-06   5.7546804e-07   6.6275993e-07   8.7093675e-07   6.2036506e-07   6.4846734e-07   2.4780429e-07   3.3521845e-07   7.7210382e-07   3.4675820e-07   8.0469274e-07   1.4301171e-07   1.0700182e-07   2.2895077e-07   1.7774678e-07   1.6081769e-07   1.0530112e-07   1.3313814e-07   1.8150166e-07   1.9380076e-07   2.2675898e-07   3.0253959e-07   2.2818703e-07   3.0622907e-07   2.6855907e-07   1.6151350e-07   2.8795034e-07
   7.8951957e-05   1.4856361e-03   0.0000000e+00   1.1914080e-03   1.2207066e-04   5.9862683e-05   4.2528762e-05   2.5848522e-05   1.1881797e-05   1.3401532e-05   1.2456494e-05   7.0528928e-06   5.4937801e-06   3.5171297e-06   3.4548834e-06   3.2050707e-06   2.3399570e-06   2.1543348e-06   2.2004801e-06   1.8086216e-06   1.3586751e-06   1.3837960e-06   1.2945286e-06   1.1443600e-06   8.8216397e-07   1.3950348e-06   6.5007960e-07   5.2946000e-07   7.2616231e-07   3.3739052e-07   4.4477534e-07   2.0375080e-07   9.0676972e-08   8.1955156e-08   8.2461933e-07   6.4105373e-07   1.9429166e-07   2.7195681e-07   3.8859370e-07   3.0591839e-07   2.4832732e-07   1.6548563e-07   2.5688473e-07   6.6102543e-07   5.2042790e-07   6.3013457e-07   2.7059747e-07   3.6942906e-07   2.1539413e-07   1.9693568e-07   1.2543303e-07   1.6985921e-07   1.8923185e-07   1.6001059e-07   1.4585423e-07   1.6734854e-07   2.4598174e-07   1.8718224e-07   2.1138279e-07   2.2343382e-07   3.0845964e-07   2.5220358e-07
   2.4681178e-05   7.7021951e-05   1.1914080e-03   0.0000000e+00   1.7542435e-03   2.4151641e-04   7.5613302e-05   3.5197260e-05   2.7265446e-05   2.0569924e-05   1.2415744e-05   7.8015750e-06   5.9354873e-06   4.0071581e-06   5.2735107e-06   3.4263685e-06   2.2239893e-06   2.4107704e-06   2.6012765e-06   1.5089821e-06   8.8115120e-07   7.2134114e-07   1.1979394e-06   8.2865588e-07   7.4567583e-07   1.0496883e-06   6.6361253e-07   4.1594732e-07   3.7043989e-07   3.2414201e-07   3.0283793e-07   5.2363059e-07   8.0298976e-08   7.4336135e-08   8.5767137e-07   8.6505933e-07   5.0003432e-07   4.1799392e-07   3.6798813e-07   6.7461098e-07   3.5055794e-07   1.8644514e-07   2.3044883e-07   4.4391100e-07   5.2546404e-07   3.4804541e-07   8.7538235e-08   1.3804562e-07   1.3990920e-07   1.2413482e-07   1.4967351e-07   1.1304253e-07   9.9303859e-08   8.4017319e-08   1.9009018e-07   2.0309244e-07   2.3760536e-07   1.4968202e-07   1.5521625e-07   1.9960791e-07   2.2648244e-07   1.6640072e-07
   9.1296327e-06   4.2687190e-05   1.2207066e-04   1.7542435e-03   0.0000000e+00   2.2826107e-03   2.3849327e-04   1.0259081e-04   4.4381884e-05   3.2935469e-05   1.5071900e-05   1.2302638e-05   7.6031331e-06   6.3688089e-06   6.5174338e-06   4.7842864e-06   2.5344779e-06   2.9007307e-06   1.8793562e-06   8.2885187e-07   8.3758244e-07   8.6074966e-07   9.1154704e-07   9.0336249e-07   8.9597245e-07   9.6242501e-07   7.7658771e-07   7.1282012e-07   6.8418369e-07   3.8726927e-07   2.7165514e-07   3.7473834e-07   6.0113900e-08   7.3891253e-08   8.5673352e-07   4.2901881e-07   2.5198376e-07   3.2580002e-07   3.8869297e-07   1.6624439e-07   1.9817586e-07   1.1624222e-07   1.3358315e-07   2.6629696e-07   2.2551568e-07   3.8750644e-07   1.7432841e-07   1.0003048e-07   1.8504795e-07   9.3980425e-08   1.1668170e-07   1.1123804e-07   9.2312204e-08   8.5205765e-08   1.1841518e-07   1.3055130e-07   1.7720466e-07   1.5074505e-07   1.9828360e-07   1.7064755e-07   2.2248331e-07   1.6911872e-07
   1.4748067e-05   2.8431677e-05   5.9862683e-05   2.4151641e-04   2.2826107e-03   0.0000000e+00   1.9398449e-03   2.1536767e-04   1.1883844e-04   5.4540021e-05   2.2809737e-05   1.4810297e-05   1.1555853e-05   6.0987021e-06   3.7369088e-06   3.2933858e-06   2.9635272e-06   2.9870308e-06   1.9612898e-06   1.7918653e-06   1.1983136e-06   1.3357152e-06   1.3844769e-06   9.5223695e-07   7.8340456e-07   1.1665476e-06   7.1183076e-07   7.7060818e-07   1.1571458e-06   3.5395571e-07   3.8588073e-07   2.0921213e-07   7.7113114e-08   7.4993499e-08   7.9055077e-07   2.9138867e-07   2.5770774e-07   1.8597876e-07   2.7153422e-07   2.0063047e-07   1.4418752e-07   1.0495773e-07   1.6441829e-07   1.6973796e-07   1.9500018e-07   4.1486785e-07   1.3081503e-07   1.2729494e-07   2.1321819e-07   9.4390052e-08   9.0933140e-08   1.2245356e-07   9.2028558e-08   1.2237032e-07   1.2720275e-07   1.1224692e-07   1.2816772e-07   1.0776388e-07   1.7756609e-07   2.2718105e-07   1.7177897e-07   2.1344325e-07
   5.9901157e-06   2.3509249e-05   4.2528762e-05   7.5613302e-05   2.3849327e-04   1.9398449e-03   0.0000000e+00   3.3546102e-03   2.7885253e-04   1.1040710e-04   3.5298969e-05   2.9469650e-05   1.0172349e-05   7.3216689e-06   5.5082133e-06   5.6863871e-06   4.2062479e-06   4.2355778e-06   2.2238075e-06   1.6084773e-06   1.0107060e-06   1.5587893e-06   1.5162017e-06   1.1542676e-06   8.7816611e-07   1.9817215e-06   8.8057952e-07   7.5758735e-07   8.3957378e-07   3.7507893e-07   4.2931617e-07   3.7368014e-07   6.9143794e-08   6.1073187e-08   1.4701022e-06   9.6986035e-07   4.8335236e-07   5.2205493e-07   4.8292501e-07   2.6520010e-07   3.1178972e-07   2.0226769e-07   1.9447273e-07   3.5583621e-07   3.8393673e-07   3.7274643e-07   2.1512338e-07   1.6314377e-07   1.9415167e-07   1.6997702e-07   1.1127045e-07   9.1443955e-08   1.2252163e-07   1.6574787e-07   1.0185724e-07   1.6812161e-07   1.8533899e-07   2.0231719e-07   2.7432137e-07   2.7471202e-07   2.0995056e-07   1.5682932e-07
   7.3750701e-06   1.7710249e-05   2.5848522e-05   3.5197260e-05   1.0259081e-04   2.1536767e-04   3.3546102e-03   0.0000000e+00   4.0663333e-03   3.2019157e-04   1.0297728e-04   3.2004579e-05   1.9088873e-05   1.3506648e-05   7.7119735e-06   5.1401746e-06   5.6526769e-06   4.1932820e-06   3.1684950e-06   1.4533999e-06   1.4290614e-06   1.1204092e-06   1.2634546e-06   1.0736679e-06   1.2094317e-06   1.7606928e-06   8.8843064e-07   7.7702986e-07   1.2484822e-06   4.8577269e-07   5.3978523e-07   4.5055027e-07   9.6812920e-08   6.8610810e-08   1.0563312e-06   6.0233256e-07   3.9293605e-07   1.9518479e-07   2.6433299e-07   2.6774517e-07   2.1554096e-07   2.2997956e-07   2.6369222e-07   2.4665173e-07   4.9980169e-07   5.3978540e-07   2.5817212e-07   1.2200497e-07   2.1110030e-07   1.3483497e-07   1.1079854e-07   1.3185956e-07   1.5081512e-07   1.7263326e-07   1.3065426e-07   1.7797638e-07   1.3635829e-07   1.8171379e-07   2.7665781e-07   2.7943655e-07   4.3220149e-07   1.7934988e-07
   5.9741457e-06   2.0145304e-05   1.1881797e-05   2.7265446e-05   4.4381884e-05   1.1883844e-04   2.7885253e-04   4.0663333e-03   0.0000000e+00   2.2882640e-03   3.3042917e-04   8.5278465e-05   2.3312488e-05   1.9655001e-05   1.1937676e-05   7.8789323e-06   4.8286848e-06   4.6246800e-06   2.9569232e-06   1.9389361e-06   1.5051180e-06   1.5342645e-06   1.6210583e-06   1.0543790e-06   1.1329009e-06   1.5157890e-06   1.3472529e-06   9.8294276e-07   7.4355981e-07   4.2447377e-07   4.1802580e-07   1.5065557e-06   6.8700126e-08   6.7104448e-08   1.1912985e-06   4.9223352e-07   3.6937321e-07   2.8771256e-07   3.3904587e-07   2.6894428e-07   1.4022388e-07   1.6184005e-07   3.8663155e-07   3.8650218e-07   2.6948007e-07   6.7741568e-07   2.3126537e-07   2.4785166e-07   2.0780844e-07   1.1822173e-07   1.5225166e-07   1.5345826e-07   2.3453195e-07   1.0821764e-07   1.0261363e-07   1.7023098e-07   1.7744236e-07   1.6510795e-07   2.0456889e-07   2.4647715e-07   2.8509113e-07   1.3179823e-07
   4.8727788e-06   1.1306781e-05   1.3401532e-05   2.0569924e-05   3.2935469e-05   5.4540021e-05   1.1040710e-04   3.2019157e-04   2.2882640e-03   0.0000000e+00   2.7905105e-03   1.8974880e-04   5.9132847e-05   2.5525180e-05   2.0423213e-05   8.1483337e-06   7.0276488e-06   5.8223010e-06   3.3235186e-06   2.2126488e-06   1.4769545e-06   1.3858255e-06   1.3940094e-06   1.5226905e-06   1.3365206e-06   1.3999918e-06   7.6075759e-07   1.0201676e-06   1.2552825e-06   4.3774556e-07   4.8569610e-07   4.9035980e-07   9.2117881e-08   7.9374289e-08   1.1843651e-06   8.8026613e-07   4.3010421e-07   5.2553987e-07   3.2534614e-07   4.2089996e-07   2.0594781e-07   1.4752157e-07   2.1335246e-07   2.6747813e-07   2.6735983e-07   4.4537156e-07   2.1776497e-07   2.3000018e-07   2.4759097e-07   1.3078454e-07   1.5162682e-07   1.0000167e-07   1.5014165e-07   6.4698234e-08   1.2720233e-07   1.5620703e-07   2.1413863e-07   1.4646480e-07   2.4534895e-07   2.8454347e-07   3.0078847e-07   2.0533790e-07
   4.8692999e-06   6.4818035e-06   1.2456494e-05   1.2415744e-05   1.5071900e-05   2.2809737e-05   3.5298969e-05   1.0297728e-04   3.3042917e-04   2.7905105e-03   0.0000000e+00   1.6600537e-03   1.8337698e-04   4.3689271e-05   1.8441256e-05   1.5533906e-05   1.2071706e-05   6.0738923e-06   2.8292387e-06   2.7991054e-06   1.5884133e-06   2.0659495e-06   1.9798281e-06   1.5964818e-06   1.0652981e-06   1.1916813e-06   1.3086537e-06   1.0448131e-06   1.6493630e-06   3.3401802e-07   5.1589890e-07   9.0373354e-07   1.3153754e-07   8.4737466e-08   1.0587386e-06   1.1456343e-06   5.3084078e-07   2.0909665e-07   5.0858834e-07   3.5761206e-07   2.4077154e-07   1.7725631e-07   2.9901791e-07   2.4860731e-07   3.2322579e-07   7.6639981e-07   3.0957687e-07   5.1069693e-07   2.2064487e-07   1.6999507e-07   1.5464528e-07   1.3387165e-07   1.5209048e-07   1.5613056e-07   1.5355588e-07   1.4873491e-07   1.8004598e-07   1.9555629e-07   2.9318701e-07   2.8881823e-07   3.5530487e-07   2.1753010e-07
   3.3421233e-06   6.6878131e-06   7.0528928e-06   7.8015750e-06   1.2302638e-05   1.4810297e-05   2.9469650e-05   3.2004579e-05   8.5278465e-05   1.8974880e-04   1.6600537e-03   0.0000000e+00   2.4542858e-03   2.9516128e-04   5.4717021e-05   2.8381172e-05   1.0312035e-05   5.0242793e-06   4.8121942e-06   3.3756603e-06   3.0402916e-06   2.4847420e-06   1.7823795e-06   1.8514501e-06   1.6193618e-06   2.0854890e-06   9.8836275e-07   1.4538642e-06   2.0643193e-06   3.8989204e-07   4.2807171e-07   5.1146040e-07   1.7273098e-07   1.1884384e-07   9.4194240e-07   9.1792247e-07   7.8945397e-07   2.9541596e-07   4.3825901e-07   4.5054734e-07   3.1277289e-07   3.1506122e-07   2.8006971e-07   3.3538648e-07   3.8441450e-07   9.6821673e-07   4.9849408e-07   2.9722949e-07   2.7289641e-07   1.8294012e-07   1.7513265e-07   2.2747206e-07   2.1005538e-07   1.8632709e-07   2.0031424e-07   2.0355193e-07   2.2342985e-07   1.7283333e-07   4.7045276e-07   4.4281617e-07   4.7356143e-07   2.4925250e-07
   1.9783553e-06   3.6739607e-06   5.4937801e-06   5.9354873e-06   7.6031331e-06   1.1555853e-05   1.0172349e-05   1.9088873e-05   2.3312488e-05   5.9132847e-05   1.8337698e-04   2.4542858e-03   0.0000000e+00   2.5647638e-03   2.1722525e-04   5.3430036e-05   2.2091250e-05   7.6751333e-06   3.8325776e-06   2.5030573e-06   3.4131391e-06   2.5928761e-06   2.8945215e-06   2.1379223e-06   1.7731703e-06   1.3875009e-06   1.2396575e-06   1.0230068e-06   1.5716872e-06   4.0912949e-07   5.9251656e-07   2.8195410e-07   8.7091789e-08   1.0601185e-07   8.3246597e-07   6.9384868e-07   2.7322324e-07   1.8266929e-07   2.8261938e-07   2.8778056e-07   1.9846581e-07   2.1165817e-07   2.8003087e-07   2.2649350e-07   3.0197228e-07   5.2073793e-07   2.4810131e-07   2.3739225e-07   3.2122970e-07   1.6037204e-07   1.5830550e-07   1.5471556e-07   1.4755650e-07   1.5923515e-07   1.4971713e-07   2.2425210e-07   1.5147482e-07   1.4100939e-07   2.1347907e-07   1.7903524e-07   2.9784969e-07   3.1732109e-07
   1.6938399e-06   3.3954336e-06   3.5171297e-06   4.0071581e-06   6.3688089e-06   6.0987021e-06   7.3216689e-06   1.3506648e-05   1.9655001e-05   2.5525180e-05   4.3689271e-05   2.9516128e-04   2.5647638e-03   0.0000000e+00   4.0325563e-03   2.7259852e-04   4.7334713e-05   1.4838569e-05   8.2986067e-06   6.0399969e-06   2.6523530e-06   2.1247513e-06   2.9957933e-06   2.3762405e-06   2.4750992e-06   1.4623413e-06   1.5259935e-06   1.4876676e-06   1.5708765e-06   5.2153588e-07   3.3076503e-07   1.1155397e-06   9.9230941e-08   1.2057098e-07   1.1084897e-06   6.8791360e-07   4.4279756e-07   2.5185401e-07   3.2785916e-07   2.5109953e-07   2.2581354e-07   2.0531334e-07   2.8905860e-07   3.0749085e-07   3.9198365e-07   5.0317473e-07   3.7112019e-07   2.3990353e-07   3.6667289e-07   2.2936308e-07   1.6311297e-07   1.5596834e-07   1.6925510e-07   1.4759602e-07   1.7612768e-07   2.1349748e-07   1.7839864e-07   1.8559625e-07   4.3073466e-07   2.5619110e-07   2.5451773e-07   4.2652135e-07
   1.9626737e-06   2.3787139e-06   3.4548834e-06   5.2735107e-06   6.5174338e-06   3.7369088e-06   5.5082133e-06   7.7119735e-06   1.1937676e-05   2.0423213e-05   1.8441256e-05   5.4717021e-05   2.1722525e-04   4.0325563e-03   0.0000000e+00   2.1756889e-03   1.3944302e-04   2.8719030e-05   9.2967693e-06   6.8184231e-06   3.3781708e-06   2.4862057e-06   3.9361110e-06   2.7098758e-06   2.3926987e-06   1.5337754e-06   1.7452391e-06   1.8302368e-06   1.5827028e-06   4.4217490e-07   3.5708212e-07   8.4458095e-07   1.1744892e-07   1.3095779e-07   1.0042108e-06   9.3733132e-07   5.2646972e-07   4.3310447e-07   5.7697753e-07   3.3366022e-07   2.6022297e-07   1.7136507e-07   2.2021531e-07   3.5000847e-07   5.6971270e-07   3.6221114e-07   3.7360250e-07   4.0098677e-07   2.0479337e-07   1.7778299e-07   2.0983772e-07   2.2454977e-07   2.1576522e-07   1.7550048e-07   2.2195781e-07   2.1140386e-07   2.0987574e-07   2.0851460e-07   3.4692148e-07   2.8688727e-07   2.6171311e-07   5.5989012e-07
   1.4814676e-06   2.2250163e-06   3.2050707e-06   3.4263685e-06   4.7842864e-06   3.2933858e-06   5.6863871e-06   5.1401746e-06   7.8789323e-06   8.1483337e-06   1.5533906e-05   2.8381172e-05   5.3430036e-05   2.7259852e-04   2.1756889e-03   0.0000000e+00   3.0355555e-03   4.9605900e-05   1.4480273e-05   9.3857384e-06   3.6581819e-06   3.7554309e-06   5.1286078e-06   2.8459467e-06   2.3061340e-06   1.3779821e-06   1.7757629e-06   1.8522304e-06   2.0856665e-06   4.7914685e-07   5.8901822e-07   8.6631719e-07   1.2554478e-07   1.1499415e-07   1.3993013e-06   7.3016540e-07   4.7596999e-07   2.8347472e-07   3.8606842e-07   3.9761563e-07   2.2343634e-07   1.4863025e-07   1.7128731e-07   2.3860841e-07   3.9418179e-07   3.0885662e-07   3.7165614e-07   2.9238577e-07   2.5507542e-07   2.1186486e-07   1.6463088e-07   1.7240296e-07   1.3906107e-07   1.6727459e-07   1.1045900e-07   1.5052583e-07   2.1913711e-07   2.6812492e-07   1.8519211e-07   1.7906656e-07   1.7769635e-07   4.0796978e-07
   2.0402924e-06   2.1273060e-06   2.3399570e-06   2.2239893e-06   2.5344779e-06   2.9635272e-06   4.2062479e-06   5.6526769e-06   4.8286848e-06   7.0276488e-06   1.2071706e-05   1.0312035e-05   2.2091250e-05   4.7334713e-05   1.3944302e-04   3.0355555e-03   0.0000000e+00   1.1784172e-03   2.6997994e-05   6.2861424e-06   5.9306399e-06   3.3945406e-06   4.2037162e-06   4.3471439e-06   1.8098882e-06   2.3747499e-06   1.9010522e-06   3.2415166e-06   2.1677183e-06   6.6974136e-07   1.3428083e-06   4.1247598e-07   1.5470329e-07   1.2641767e-07   2.5744908e-06   1.1987171e-06   7.7083896e-07   3.5730244e-07   8.7265842e-07   7.8369455e-07   2.7205804e-07   2.5848442e-07   4.9031522e-07   5.2464865e-07   5.4064088e-07   6.1524329e-07   6.0910046e-07   4.2471836e-07   3.1518191e-07   2.3063957e-07   2.1991207e-07   3.3498885e-07   2.3158919e-07   3.5430504e-07   1.7103071e-07   3.1595964e-07   2.3385537e-07   2.9565256e-07   4.7965500e-07   3.5442382e-07   4.2861237e-07   5.7787128e-07
   2.7380007e-06   2.1237711e-06   2.1543348e-06   2.4107704e-06   2.9007307e-06   2.9870308e-06   4.2355778e-06   4.1932820e-06   4.6246800e-06   5.8223010e-06   6.0738923e-06   5.0242793e-06   7.6751333e-06   1.4838569e-05   2.8719030e-05   4.9605900e-05   1.1784172e-03   0.0000000e+00   1.7009799e-04   1.1731272e-05   7.5938935e-06   1.3547675e-05   9.9396516e-06   5.9568162e-06   4.1054351e-06   4.1425132e-06   1.8293318e-06   1.2564644e-06   1.6462206e-06   4.1360884e-07   7.2587121e-07   2.5700444e-06   2.0406959e-07   1.7715050e-07   6.9292230e-06   4.7406172e-06   1.7698171e-06   8.4926841e-07   1.7614540e-06   8.0240639e-07   1.1247261e-06   5.3342560e-07   5.8317591e-07   8.6401611e-07   8.9402749e-07   3.9018593e-07   5.6011227e-07   4.8157067e-07   4.0311889e-07   4.0558502e-07   2.2871522e-07   2.6846253e-07   3.2453463e-07   2.4267665e-07   2.5085872e-07   3.9791736e-07   3.3810712e-07   5.1999783e-07   5.3019284e-07   5.4289298e-07   5.8787941e-07   2.0651141e-06
   2.5488651e-06   2.2992878e-06   2.2004801e-06   2.6012765e-06   1.8793562e-06   1.9612898e-06   2.2238075e-06   3.1684950e-06   2.9569232e-06   3.3235186e-06   2.8292387e-06   4.8121942e-06   3.8325776e-06   8.2986067e-06   9.2967693e-06   1.4480273e-05   2.6997994e-05   1.7009799e-04   0.0000000e+00   1.4427020e-03   1.3648680e-04   4.5121950e-05   1.8744315e-05   1.4930197e-05   1.1255324e-05   7.3190247e-06   2.3345941e-06   1.7894964e-06   2.4577500e-06   1.7408423e-06   8.7207728e-07   4.4059389e-07   1.9370656e-07   1.6819480e-07   5.1685541e-06   4.3103063e-06   3.6963408e-06   2.9207581e-06   2.9034926e-06   1.8522652e-06   7.9702533e-07   8.4778419e-07   1.9973789e-06   3.3847792e-06   1.9050442e-06   2.0859812e-06   5.2371188e-07   5.4312843e-07   7.7106471e-07   5.0039797e-07   3.3153174e-07   4.1810785e-07   4.1105696e-07   3.5601204e-07   4.9011486e-07   5.8447139e-07   7.5120045e-07   4.4306562e-07   8.4665494e-07   8.0663921e-07   1.6021715e-06   1.8657351e-06
   8.7699627e-07   1.7467813e-06   1.8086216e-06   1.5089821e-06   8.2885187e-07   1.7918653e-06   1.6084773e-06   1.4533999e-06   1.9389361e-06   2.2126488e-06   2.7991054e-06   3.3756603e-06   2.5030573e-06   6.0399969e-06   6.8184231e-06   9.3857384e-06   6.2861424e-06   1.1731272e-05   1.4427020e-03   0.0000000e+00   2.2746249e-03   1.5510887e-04   5.8826704e-05   4.2493197e-05   2.4201266e-05   4.9790470e-06   2.5002060e-06   1.5448403e-06   2.4538271e-06   2.5866856e-06   1.4766738e-06   1.6473868e-07   1.0549223e-07   7.4501582e-08   2.3346788e-06   9.8789617e-07   5.1317791e-07   4.8795976e-07   6.9016614e-07   3.7297575e-07   3.0306092e-07   2.9940183e-07   6.4144858e-07   5.5447828e-07   5.7715169e-07   8.9782980e-07   2.6697070e-07   3.7292330e-07   3.2166693e-07   3.2492362e-07   2.3010239e-07   3.0370924e-07   2.5123755e-07   2.7908142e-07   1.9147866e-07   2.9275312e-07   2.8515092e-07   2.7431125e-07   2.4238326e-07   3.3261031e-07   1.0947274e-06   1.8624462e-06
   8.4316995e-07   1.1987940e-06   1.3586751e-06   8.8115120e-07   8.3758244e-07   1.1983136e-06   1.0107060e-06   1.4290614e-06   1.5051180e-06   1.4769545e-06   1.5884133e-06   3.0402916e-06   3.4131391e-06   2.6523530e-06   3.3781708e-06   3.6581819e-06   5.9306399e-06   7.5938935e-06   1.3648680e-04   2.2746249e-03   0.0000000e+00   2.5711493e-03   1.1825805e-04   5.1390429e-05   3.6244863e-05   7.6642774e-06   3.4774823e-06   2.5812054e-06   2.0671377e-06   2.6138270e-06   1.8863523e-06   8.3051394e-07   1.3245769e-07   8.4316031e-08   1.6114132e-06   9.9150867e-07   5.6898531e-07   4.2189473e-07   8.0475261e-07   2.7587828e-07   4.6751141e-07   3.4836658e-07   4.0829136e-07   6.4827351e-07   8.3076730e-07   6.0960520e-07   3.1921574e-07   5.4243187e-07   2.4402452e-07   3.4083874e-07   2.1686133e-07   2.0583270e-07   2.0216762e-07   1.7072354e-07   2.8307476e-07   2.4817354e-07   2.8396197e-07   2.6065901e-07   3.1816683e-07   4.2189427e-07   5.9286452e-07   3.3144480e-06
   6.0545562e-07   1.2555287e-06   1.3837960e-06   7.2134114e-07   8.6074966e-07   1.3357152e-06   1.5587893e-06   1.1204092e-06   1.5342645e-06   1.3858255e-06   2.0659495e-06   2.4847420e-06   2.5928761e-06   2.1247513e-06   2.4862057e-06   3.7554309e-06   3.3945406e-06   1.3547675e-05   4.5121950e-05   1.5510887e-04   2.5711493e-03   0.0000000e+00   1.4569391e-03   1.6626911e-04   9.1176679e-05   1.1867186e-05   3.6552995e-06   2.6717617e-06   1.8577656e-06   2.1184303e-06   2.0779591e-06   3.1026673e-07   1.5249367e-07   7.2639567e-08   2.6900140e-06   9.5438469e-07   6.3092418e-07   5.0162681e-07   1.0929337e-06   6.9712719e-07   3.1172822e-07   2.9352002e-07   5.8604977e-07   9.7725813e-07   8.3159065e-07   5.9055742e-07   1.8343362e-07   3.6323690e-07   3.4877879e-07   2.2791017e-07   1.8611797e-07   2.7648792e-07   2.3768327e-07   2.3128748e-07   2.6778746e-07   2.2084254e-07   2.2262504e-07   2.5523948e-07   4.4576458e-07   7.1150929e-07   8.8310129e-07   3.0858532e-06
   8.3650859e-07   1.1868945e-06   1.2945286e-06   1.1979394e-06   9.1154704e-07   1.3844769e-06   1.5162017e-06   1.2634546e-06   1.6210583e-06   1.3940094e-06   1.9798281e-06   1.7823795e-06   2.8945215e-06   2.9957933e-06   3.9361110e-06   5.1286078e-06   4.2037162e-06   9.9396516e-06   1.8744315e-05   5.8826704e-05   1.1825805e-04   1.4569391e-03   0.0000000e+00   3.3988529e-03   1.7241214e-04   1.0270607e-05   3.0851710e-06   2.2662902e-06   2.9032158e-06   1.7049018e-06   2.4177521e-06   2.4728045e-07   6.2379759e-08   9.3000827e-08   2.3781456e-06   1.1974115e-06   5.6881260e-07   5.6189782e-07   8.6067068e-07   3.5736671e-07   3.4738487e-07   1.7793980e-07   5.0850560e-07   5.2718745e-07   8.4446868e-07   1.1005853e-06   1.5495077e-07   3.8803531e-07   2.5114042e-07   2.0392460e-07   1.9163254e-07   2.1906917e-07   3.4117249e-07   1.6931488e-07   3.0880544e-07   2.6727244e-07   1.8673429e-07   2.9144160e-07   3.4941680e-07   4.0521040e-07   4.7755718e-07   1.4470452e-06
   8.5249371e-07   1.0539305e-06   1.1443600e-06   8.2865588e-07   9.0336249e-07   9.5223695e-07   1.1542676e-06   1.0736679e-06   1.0543790e-06   1.5226905e-06   1.5964818e-06   1.8514501e-06   2.1379223e-06   2.3762405e-06   2.7098758e-06   2.8459467e-06   4.3471439e-06   5.9568162e-06   1.4930197e-05   4.2493197e-05   5.1390429e-05   1.6626911e-04   3.3988529e-03   0.0000000e+00   2.7605733e-03   4.2863344e-05   3.1171585e-06   3.7961722e-06   4.0219262e-06   2.3153951e-06   2.2480502e-06   4.6961801e-07   7.9518294e-08   9.3453131e-08   3.4365336e-06   1.1454600e-06   6.3479971e-07   6.2686730e-07   8.0242017e-07   3.1395910e-07   3.9544211e-07   2.3782533e-07   2.9656998e-07   6.2913172e-07   5.6776627e-07   3.4969161e-07   2.4418304e-07   4.4792902e-07   1.5155277e-07   2.1370960e-07   3.3497317e-07   2.4299826e-07   3.0640955e-07   2.3451677e-07   2.9514231e-07   2.6992833e-07   2.8070998e-07   3.6359167e-07   2.5309253e-07   4.4636410e-07   4.5977567e-07   2.2358493e-06
   9.2357394e-07   1.5069827e-06   8.8216397e-07   7.4567583e-07   8.9597245e-07   7.8340456e-07   8.7816611e-07   1.2094317e-06   1.1329009e-06   1.3365206e-06   1.0652981e-06   1.6193618e-06   1.7731703e-06   2.4750992e-06   2.3926987e-06   2.3061340e-06   1.8098882e-06   4.1054351e-06   1.1255324e-05   2.4201266e-05   3.6244863e-05   9.1176679e-05   1.7241214e-04   2.7605733e-03   0.0000000e+00   2.6068916e-04   6.3892210e-06   5.4981623e-06   5.7203253e-06   1.5454218e-06   1.8120297e-06   3.1042989e-07   1.8384293e-07   9.7803985e-08   4.4355545e-06   1.5715755e-06   1.1581182e-06   5.0567708e-07   1.3211181e-06   4.7578251e-07   5.0317606e-07   5.0563048e-07   5.8512051e-07   9.1692530e-07   8.5047310e-07   2.6185354e-06   3.8855840e-07   5.2779723e-07   7.7554815e-07   4.5634775e-07   7.8408923e-07   3.7883681e-07   6.8147776e-07   5.0171093e-07   3.0801497e-07   2.5974545e-07   3.4017709e-07   3.1036036e-07   4.3456608e-07   1.6209188e-06   9.0619196e-07   1.2156124e-06
   1.5179526e-06   1.2866437e-06   1.3950348e-06   1.0496883e-06   9.6242501e-07   1.1665476e-06   1.9817215e-06   1.7606928e-06   1.5157890e-06   1.3999918e-06   1.1916813e-06   2.0854890e-06   1.3875009e-06   1.4623413e-06   1.5337754e-06   1.3779821e-06   2.3747499e-06   4.1425132e-06   7.3190247e-06   4.9790470e-06   7.6642774e-06   1.1867186e-05   1.0270607e-05   4.2863344e-05   2.6068916e-04   0.0000000e+00   6.0347086e-04   1.2204031e-04   3.2473572e-05   1.2623910e-06   1.7296795e-06   1.0933067e-06   7.8515706e-07   2.5074469e-07   9.6881211e-06   6.3067265e-06   4.0495957e-06   2.1400809e-06   3.6189246e-06   3.8036700e-06   1.9799541e-06   1.4672596e-06   2.8287257e-06   2.0134074e-06   5.5695689e-06   2.4134325e-06   1.3706440e-06   2.5277550e-06   1.3068917e-06   4.5749184e-07   6.0951445e-07   8.6833941e-07   1.0326570e-06   9.9418156e-07   9.2386473e-07   9.2735701e-07   8.1894863e-07   1.2396144e-06   1.6310205e-06   1.3108056e-06   2.2701039e-06   1.9155587e-06
   5.5140115e-07   5.8426145e-07   6.5007960e-07   6.6361253e-07   7.7658771e-07   7.1183076e-07   8.8057952e-07   8.8843064e-07   1.3472529e-06   7.6075759e-07   1.3086537e-06   9.8836275e-07   1.2396575e-06   1.5259935e-06   1.7452391e-06   1.7757629e-06   1.9010522e-06   1.8293318e-06   2.3345941e-06   2.5002060e-06   3.4774823e-06   3.6552995e-06   3.0851710e-06   3.1171585e-06   6.3892210e-06   6.0347086e-04   0.0000000e+00   2.7303003e-03   4.9710511e-05   6.1320810e-06   2.7540369e-06   3.3280886e-07   1.8495450e-07   1.3219898e-07   2.0506546e-06   1.4032757e-06   1.2430691e-06   6.1781823e-07   7.6456753e-07   1.1008605e-06   7.7643634e-07   4.3380814e-07   5.5414902e-07   3.9135276e-07   8.2032839e-07   1.1988175e-06   6.5567349e-07   6.8556237e-07   8.7797130e-07   5.0119553e-07   5.5242461e-07   6.1805046e-07   3.4633262e-07   3.3598197e-07   4.5712871e-07   3.3847155e-07   2.6078885e-07   2.9776454e-07   5.5230336e-07   3.0635525e-07   1.2307063e-06   5.8282266e-07
   4.3779513e-07   5.4271965e-07   5.2946000e-07   4.1594732e-07   7.1282012e-07   7.7060818e-07   7.5758735e-07   7.7702986e-07   9.8294276e-07   1.0201676e-06   1.0448131e-06   1.4538642e-06   1.0230068e-06   1.4876676e-06   1.8302368e-06   1.8522304e-06   3.2415166e-06   1.2564644e-06   1.7894964e-06   1.5448403e-06   2.5812054e-06   2.6717617e-06   2.2662902e-06   3.7961722e-06   5.4981623e-06   1.2204031e-04   2.7303003e-03   0.0000000e+00   1.4473357e-03   4.2575766e-06   6.2257767e-06   4.2818752e-07   1.3401588e-07   1.6652081e-07   1.4137430e-06   5.9805344e-07   4.3942977e-07   3.3358249e-07   4.7564932e-07   2.3654263e-07   3.5690804e-07   2.1494858e-07   4.8745101e-07   3.4750562e-07   5.5628253e-07   4.5442088e-07   3.9261646e-07   3.4092970e-07   3.2837454e-07   1.3438633e-07   1.5398172e-07   1.9653858e-07   1.4590646e-07   1.4267767e-07   2.0687534e-07   2.1429621e-07   1.7589535e-07   1.6067827e-07   2.1189628e-07   3.0440595e-07   3.5120964e-07   2.5894217e-07
   9.6665986e-07   6.7039048e-07   7.2616231e-07   3.7043989e-07   6.8418369e-07   1.1571458e-06   8.3957378e-07   1.2484822e-06   7.4355981e-07   1.2552825e-06   1.6493630e-06   2.0643193e-06   1.5716872e-06   1.5708765e-06   1.5827028e-06   2.0856665e-06   2.1677183e-06   1.6462206e-06   2.4577500e-06   2.4538271e-06   2.0671377e-06   1.8577656e-06   2.9032158e-06   4.0219262e-06   5.7203253e-06   3.2473572e-05   4.9710511e-05   1.4473357e-03   0.0000000e+00   1.5177801e-04   6.3286226e-05   2.0575013e-06   1.0389350e-06   4.4398205e-07   5.2498852e-06   5.1704254e-06   1.8435366e-06   7.0722455e-07   7.7781653e-07   1.3598666e-06   1.7308205e-06   1.6271213e-06   2.2206361e-06   2.2775489e-06   4.3863915e-06   7.5354555e-06   2.1272399e-06   3.1424370e-06   3.1527677e-06   9.8821922e-07   9.0403252e-07   9.1461697e-07   8.2111622e-07   5.7760411e-07   9.5878978e-07   8.0600330e-07   5.8689043e-07   1.7040422e-06   2.5211515e-06   1.7281367e-06   1.7384895e-06   3.1012004e-06
   3.3321863e-07   2.6886802e-07   3.3739052e-07   3.2414201e-07   3.8726927e-07   3.5395571e-07   3.7507893e-07   4.8577269e-07   4.2447377e-07   4.3774556e-07   3.3401802e-07   3.8989204e-07   4.0912949e-07   5.2153588e-07   4.4217490e-07   4.7914685e-07   6.6974136e-07   4.1360884e-07   1.7408423e-06   2.5866856e-06   2.6138270e-06   2.1184303e-06   1.7049018e-06   2.3153951e-06   1.5454218e-06   1.2623910e-06   6.1320810e-06   4.2575766e-06   1.5177801e-04   0.0000000e+00   1.4135598e-03   2.7089606e-07   1.5989204e-07   7.7659358e-08   7.6195606e-07   3.8068571e-07   1.7436367e-07   1.3529602e-07   1.5059156e-07   1.4091056e-07   1.3351665e-07   1.5343694e-07   2.1592922e-07   1.3503980e-07   3.2180297e-07   5.3097320e-07   2.3240676e-07   2.2361631e-07   3.3022606e-07   1.5546695e-07   1.2792278e-07   1.7445422e-07   1.1494779e-07   1.2597530e-07   5.8432611e-08   7.3488190e-08   8.3971069e-08   1.3760950e-07   2.4301758e-07   2.2283557e-07   1.5624330e-07   2.7289422e-07
   2.7962278e-07   3.9626090e-07   4.4477534e-07   3.0283793e-07   2.7165514e-07   3.8588073e-07   4.2931617e-07   5.3978523e-07   4.1802580e-07   4.8569610e-07   5.1589890e-07   4.2807171e-07   5.9251656e-07   3.3076503e-07   3.5708212e-07   5.8901822e-07   1.3428083e-06   7.2587121e-07   8.7207728e-07   1.4766738e-06   1.8863523e-06   2.0779591e-06   2.4177521e-06   2.2480502e-06   1.8120297e-06   1.7296795e-06   2.7540369e-06   6.2257767e-06   6.3286226e-05   1.4135598e-03   0.0000000e+00   3.3278265e-07   3.2287126e-07   1.5922232e-07   2.2232140e-06   5.1990761e-07   5.5959227e-07   3.0502168e-07   3.1756374e-07   2.1120145e-07   1.9149953e-07   4.4734205e-07   6.6163476e-07   5.0522729e-07   4.0752189e-07   1.9266852e-06   5.6768104e-07   1.0232316e-06   5.7213820e-07   3.5188134e-07   3.0794328e-07   2.9283263e-07   2.5991361e-07   2.2716152e-07   1.4094913e-07   1.2318765e-07   1.4225240e-07   1.9406843e-07   4.6828207e-07   5.5801684e-07   3.9919626e-07   5.2182321e-07
   1.0748690e-06   2.5947645e-07   2.0375080e-07   5.2363059e-07   3.7473834e-07   2.0921213e-07   3.7368014e-07   4.5055027e-07   1.5065557e-06   4.9035980e-07   9.0373354e-07   5.1146040e-07   2.8195410e-07   1.1155397e-06   8.4458095e-07   8.6631719e-07   4.1247598e-07   2.5700444e-06   4.4059389e-07   1.6473868e-07   8.3051394e-07   3.1026673e-07   2.4728045e-07   4.6961801e-07   3.1042989e-07   1.0933067e-06   3.3280886e-07   4.2818752e-07   2.0575013e-06   2.7089606e-07   3.3278265e-07   0.0000000e+00   5.0480477e-04   8.0524909e-05   4.9385991e-05   2.7993687e-06   2.5561464e-06   2.2347301e-06   1.5798827e-06   1.1152053e-06   1.1788724e-06   6.2617800e-07   7.7944598e-07   1.0479405e-06   1.2158323e-06   1.3451486e-06   7.2041142e-07   4.7282911e-07   4.7587817e-07   9.2833051e-07   6.2708766e-07   5.1848121e-07   5.6303190e-07   3.8910677e-07   5.6781379e-07   6.1585684e-07   6.7118902e-07   7.4526658e-07   9.8582260e-07   1.9617940e-06   7.0370539e-07   5.0108444e-07
   1.6872011e-07   9.6750392e-08   9.0676972e-08   8.0298976e-08   6.0113900e-08   7.7113114e-08   6.9143794e-08   9.6812920e-08   6.8700126e-08   9.2117881e-08   1.3153754e-07   1.7273098e-07   8.7091789e-08   9.9230941e-08   1.1744892e-07   1.2554478e-07   1.5470329e-07   2.0406959e-07   1.9370656e-07   1.0549223e-07   1.3245769e-07   1.5249367e-07   6.2379759e-08   7.9518294e-08   1.8384293e-07   7.8515706e-07   1.8495450e-07   1.3401588e-07   1.0389350e-06   1.5989204e-07   3.2287126e-07   5.0480477e-04   0.0000000e+00   1.5149406e-03   4.6222579e-05   2.2429838e-06   2.0714468e-06   2.2430129e-06   1.0647672e-06   1.0718050e-06   7.2693102e-07   6.1953983e-07   6.9408879e-07   6.0881810e-07   7.3889304e-07   4.5080789e-07   4.9356350e-07   4.0814439e-07   3.3432184e-07   3.8682940e-07   5.0920234e-07   3.1720401e-07   5.7457062e-07   3.9688235e-07   5.0783400e-07   4.8569861e-07   4.7857492e-07   4.4133775e-07   4.8601446e-07   3.5113742e-07   3.0486744e-07   1.8350656e-07
   9.2878673e-08   8.0832925e-08   8.1955156e-08   7.4336135e-08   7.3891253e-08   7.4993499e-08   6.1073187e-08   6.8610810e-08   6.7104448e-08   7.9374289e-08   8.4737466e-08   1.1884384e-07   1.0601185e-07   1.2057098e-07   1.3095779e-07   1.1499415e-07   1.2641767e-07   1.7715050e-07   1.6819480e-07   7.4501582e-08   8.4316031e-08   7.2639567e-08   9.3000827e-08   9.3453131e-08   9.7803985e-08   2.5074469e-07   1.3219898e-07   1.6652081e-07   4.4398205e-07   7.7659358e-08   1.5922232e-07   8.0524909e-05   1.5149406e-03   0.0000000e+00   1.6552171e-04   1.9206608e-06   2.1168877e-06   2.2138347e-06   1.4956790e-06   9.7237200e-07   8.9962200e-07   7.2490867e-07   4.7493032e-07   5.0451372e-07   5.0528590e-07   4.2245207e-07   4.3363074e-07   4.4728514e-07   3.0175664e-07   3.7062375e-07   4.3940749e-07   3.0857850e-07   4.1877959e-07   3.4785966e-07   5.5103977e-07   5.1208993e-07   6.6751558e-07   4.6148801e-07   3.7631002e-07   3.6673962e-07   2.2910056e-07   1.3678767e-07
   5.1417183e-06   1.4509985e-06   8.2461933e-07   8.5767137e-07   8.5673352e-07   7.9055077e-07   1.4701022e-06   1.0563312e-06   1.1912985e-06   1.1843651e-06   1.0587386e-06   9.4194240e-07   8.3246597e-07   1.1084897e-06   1.0042108e-06   1.3993013e-06   2.5744908e-06   6.9292230e-06   5.1685541e-06   2.3346788e-06   1.6114132e-06   2.6900140e-06   2.3781456e-06   3.4365336e-06   4.4355545e-06   9.6881211e-06   2.0506546e-06   1.4137430e-06   5.2498852e-06   7.6195606e-07   2.2232140e-06   4.9385991e-05   4.6222579e-05   1.6552171e-04   0.0000000e+00   1.2130731e-03   2.6584107e-05   2.6179478e-05   2.2220333e-05   2.4257280e-05   1.7226894e-05   1.0662703e-05   9.8769959e-06   8.7663117e-06   4.7970616e-06   5.0357505e-06   4.7806473e-06   2.8086293e-06   4.8929942e-06   3.2329632e-06   2.6624400e-06   3.8059724e-06   3.1276773e-06   2.0498648e-06   2.1658653e-06   2.6567255e-06   2.4103264e-06   3.9411342e-06   2.0659807e-06   1.8330367e-06   2.1866640e-06   2.1051114e-06
   6.4220498e-06   1.2367935e-06   6.4105373e-07   8.6505933e-07   4.2901881e-07   2.9138867e-07   9.6986035e-07   6.0233256e-07   4.9223352e-07   8.8026613e-07   1.1456343e-06   9.1792247e-07   6.9384868e-07   6.8791360e-07   9.3733132e-07   7.3016540e-07   1.1987171e-06   4.7406172e-06   4.3103063e-06   9.8789617e-07   9.9150867e-07   9.5438469e-07   1.1974115e-06   1.1454600e-06   1.5715755e-06   6.3067265e-06   1.4032757e-06   5.9805344e-07   5.1704254e-06   3.8068571e-07   5.1990761e-07   2.7993687e-06   2.2429838e-06   1.9206608e-06   1.2130731e-03   0.0000000e+00   2.4328859e-03   1.0192802e-04   4.3833029e-05   3.5818550e-05   2.2789592e-05   1.3928625e-05   1.1805235e-05   7.6439372e-06   6.9876017e-06   3.8309006e-06   3.4521716e-06   1.8388880e-06   2.2628460e-06   2.6565515e-06   2.3687348e-06   2.1348398e-06   1.9239982e-06   1.6934054e-06   2.2943026e-06   1.8606235e-06   2.0276137e-06   2.8142724e-06   2.0196286e-06   1.7895814e-06   1.7517901e-06   1.0273144e-06
   3.8254646e-06   5.7546804e-07   1.9429166e-07   5.0003432e-07   2.5198376e-07   2.5770774e-07   4.8335236e-07   3.9293605e-07   3.6937321e-07   4.3010421e-07   5.3084078e-07   7.8945397e-07   2.7322324e-07   4.4279756e-07   5.2646972e-07   4.7596999e-07   7.7083896e-07   1.7698171e-06   3.6963408e-06   5.1317791e-07   5.6898531e-07   6.3092418e-07   5.6881260e-07   6.3479971e-07   1.1581182e-06   4.0495957e-06   1.2430691e-06   4.3942977e-07   1.8435366e-06   1.7436367e-07   5.5959227e-07   2.5561464e-06   2.0714468e-06   2.1168877e-06   2.6584107e-05   2.4328859e-03   0.0000000e+00   9.2637556e-04   1.1497365e-04   3.9605477e-05   2.3316562e-05   1.1527643e-05   1.1707654e-05   6.5987296e-06   5.1777815e-06   2.8316319e-06   2.0960071e-06   1.8484837e-06   1.6925153e-06   1.9962853e-06   1.9846383e-06   1.4784266e-06   1.1297309e-06   1.1188193e-06   1.5374830e-06   1.4244299e-06   1.0566794e-06   1.4312870e-06   2.1186292e-06   2.2719151e-06   1.9890327e-06   8.1952935e-07
   1.3761328e-06   6.6275993e-07   2.7195681e-07   4.1799392e-07   3.2580002e-07   1.8597876e-07   5.2205493e-07   1.9518479e-07   2.8771256e-07   5.2553987e-07   2.0909665e-07   2.9541596e-07   1.8266929e-07   2.5185401e-07   4.3310447e-07   2.8347472e-07   3.5730244e-07   8.4926841e-07   2.9207581e-06   4.8795976e-07   4.2189473e-07   5.0162681e-07   5.6189782e-07   6.2686730e-07   5.0567708e-07   2.1400809e-06   6.1781823e-07   3.3358249e-07   7.0722455e-07   1.3529602e-07   3.0502168e-07   2.2347301e-06   2.2430129e-06   2.2138347e-06   2.6179478e-05   1.0192802e-04   9.2637556e-04   0.0000000e+00   7.4761467e-04   1.8033964e-04   6.4193636e-05   2.3900995e-05   1.9810155e-05   1.0248692e-05   7.3264021e-06   3.0660386e-06   2.2893841e-06   2.1433684e-06   2.1399466e-06   1.2871917e-06   1.6869882e-06   1.9117044e-06   1.5160496e-06   1.4262077e-06   1.3568502e-06   1.5283058e-06   2.0584587e-06   1.5586038e-06   1.7096010e-06   1.4148106e-06   1.4593735e-06   7.2421045e-07
   3.1321708e-06   8.7093675e-07   3.8859370e-07   3.6798813e-07   3.8869297e-07   2.7153422e-07   4.8292501e-07   2.6433299e-07   3.3904587e-07   3.2534614e-07   5.0858834e-07   4.3825901e-07   2.8261938e-07   3.2785916e-07   5.7697753e-07   3.8606842e-07   8.7265842e-07   1.7614540e-06   2.9034926e-06   6.9016614e-07   8.0475261e-07   1.0929337e-06   8.6067068e-07   8.0242017e-07   1.3211181e-06   3.6189246e-06   7.6456753e-07   4.7564932e-07   7.7781653e-07   1.5059156e-07   3.1756374e-07   1.5798827e-06   1.0647672e-06   1.4956790e-06   2.2220333e-05   4.3833029e-05   1.1497365e-04   7.4761467e-04   0.0000000e+00   2.9595166e-03   1.0393790e-04   5.3056202e-05   2.2591497e-05   1.1390002e-05   8.4844979e-06   4.1111009e-06   3.2095390e-06   2.2963001e-06   2.0723583e-06   2.1408231e-06   1.7274723e-06   1.8808754e-06   1.2178193e-06   1.4771164e-06   1.1172330e-06   1.2159688e-06   1.5793683e-06   1.2565568e-06   1.3265354e-06   1.1192246e-06   1.0437566e-06   6.8891199e-07
   1.0622471e-06   6.2036506e-07   3.0591839e-07   6.7461098e-07   1.6624439e-07   2.0063047e-07   2.6520010e-07   2.6774517e-07   2.6894428e-07   4.2089996e-07   3.5761206e-07   4.5054734e-07   2.8778056e-07   2.5109953e-07   3.3366022e-07   3.9761563e-07   7.8369455e-07   8.0240639e-07   1.8522652e-06   3.7297575e-07   2.7587828e-07   6.9712719e-07   3.5736671e-07   3.1395910e-07   4.7578251e-07   3.8036700e-06   1.1008605e-06   2.3654263e-07   1.3598666e-06   1.4091056e-07   2.1120145e-07   1.1152053e-06   1.0718050e-06   9.7237200e-07   2.4257280e-05   3.5818550e-05   3.9605477e-05   1.8033964e-04   2.9595166e-03   0.0000000e+00   8.3263626e-04   1.1528880e-04   4.7395501e-05   1.8108295e-05   1.3630370e-05   5.7273965e-06   4.1263332e-06   2.6012905e-06   3.2377831e-06   2.5702441e-06   2.1152888e-06   1.8394250e-06   1.4179272e-06   1.5235687e-06   1.5072419e-06   1.7414683e-06   2.0138656e-06   1.5041247e-06   1.5271040e-06   1.5719109e-06   1.8535825e-06   1.2024081e-06
