   0.0000000e+00   9.2298266e-04   1.5778710e-04   4.2474358e-05   5.0262361e-05   2.0576644e-05   1.9295845e-05   1.0685120e-05   8.8254338e-06   7.3034320e-06   5.0529905e-06   4.3113922e-06   3.7026553e-06   3.8611191e-06   2.8378669e-06   2.3379573e-06   3.8156354e-06   3.1436493e-06   2.1574367e-06   1.5837166e-06   1.7574684e-06   1.9707090e-06   1.8696447e-06   1.8762125e-06   1.4388576e-06   1.3912821e-06   5.4851287e-07   7.3694216e-07   1.1937197e-06   2.5844028e-07   2.2868736e-07   3.9541710e-07   3.7220425e-07   1.8219028e-07   5.7420569e-07   1.2912177e-06   8.4130893e-07   7.3818545e-07   7.2302295e-07   8.9144392e-07   2.9842272e-07   6.2081100e-07   4.0882945e-07   2.9020477e-07   3.9821377e-07   7.7733692e-07   1.1289927e-06   4.6172015e-07   3.2329141e-07   2.4779711e-07   2.4666029e-07   2.8304948e-07   1.3843220e-07   2.2980979e-07   2.4141920e-07   3.0530925e-07   2.7741978e-07   2.8375795e-07   1.9153714e-07   4.5087136e-07   5.2413614e-07   4.7381749e-07
   9.2298266e-04   0.0000000e+00   2.7657277e-03   3.4307711e-04   9.3374425e-05   4.5747256e-05   2.2557244e-05   1.8624004e-05   1.4758581e-05   1.2870108e-05   6.4439904e-06   5.4017692e-06   5.0942632e-06   3.6725957e-06   2.9445585e-06   3.2119314e-06   1.9646206e-06   2.7211973e-06   2.4615889e-06   1.3862332e-06   1.3916746e-06   1.3240023e-06   1.4333205e-06   2.3444235e-06   3.4262459e-06   2.5161392e-06   8.9052008e-07   1.6089800e-06   1.4011115e-06   4.5058920e-07   3.2981952e-07   5.1207602e-07   3.3060242e-07   1.8661812e-07   9.2374570e-07   1.1816049e-06   9.4401020e-07   8.0113724e-07   6.1820983e-07   4.7514603e-07   3.2613496e-07   2.7709566e-07   4.5050990e-07   2.4596557e-07   1.9933750e-07   4.5430160e-07   6.7831320e-07   7.0141313e-07   2.6141696e-07   2.7778388e-07   1.4864935e-07   2.2379910e-07   2.5096071e-07   1.7868871e-07   1.5780964e-07   2.1578028e-07   2.4485671e-07   3.2380096e-07   2.2138737e-07   4.3418881e-07   4.0108943e-07   3.1959418e-07
   1.5778710e-04   2.7657277e-03   0.0000000e+00   2.2349510e-03   2.5612754e-04   1.3014030e-04   7.6642093e-05   4.5015159e-05   1.6033874e-05   1.3975793e-05   7.7291569e-06   5.7201224e-06   7.2816887e-06   3.2603281e-06   3.3030425e-06   3.0167638e-06   2.8688500e-06   4.1753445e-06   2.2632524e-06   1.5184720e-06   1.8414886e-06   1.4202517e-06   1.8880221e-06   2.4345277e-06   1.7938889e-06   1.6761390e-06   1.1702310e-06   1.6870270e-06   1.5525099e-06   3.6953852e-07   4.7067521e-07   7.6915903e-07   3.0817124e-07   3.3077131e-07   1.2163425e-06   1.5965012e-06   1.0923360e-06   8.8672014e-07   6.6626597e-07   6.3191586e-07   5.6767563e-07   3.9617549e-07   5.7942731e-07   3.6196124e-07   3.7615920e-07   8.1362141e-07   1.4085321e-06   6.2079460e-07   2.6842898e-07   2.3489323e-07   1.7016765e-07   2.4407267e-07   2.7765148e-07   2.5944578e-07   2.4381505e-07   3.3924962e-07   2.5855881e-07   4.0286601e-07   2.8404129e-07   4.5662622e-07   5.3281268e-07   4.4692750e-07
   4.2474358e-05   3.4307711e-04   2.2349510e-03   0.0000000e+00   2.6757424e-03   2.0636676e-04   7.3703149e-05   6.0581199e-05   3.2314183e-05   2.2422497e-05   1.2546971e-05   1.1297041e-05   6.7483381e-06   5.9303508e-06   3.5613583e-06   4.3514586e-06   3.9557750e-06   2.4579777e-06   1.8069445e-06   1.5851459e-06   1.2444029e-06   1.2663713e-06   1.0707097e-06   1.2646237e-06   1.0389273e-06   1.0329086e-06   6.3955640e-07   1.0341756e-06   1.0445918e-06   3.1262300e-07   3.4939152e-07   2.2640204e-07   1.5698773e-07   1.4185444e-07   4.6281354e-07   9.5529587e-07   4.4150909e-07   6.3249388e-07   3.2199681e-07   3.1593321e-07   2.4876017e-07   3.6380406e-07   2.1263361e-07   3.0090600e-07   3.3242515e-07   3.4279372e-07   5.8637571e-07   2.8823386e-07   2.6382824e-07   1.9262906e-07   1.3175837e-07   1.2571308e-07   1.6492868e-07   9.8466843e-08   1.8423902e-07   2.8285944e-07   2.0430797e-07   1.8661299e-07   1.5570617e-07   3.1097292e-07   3.3009794e-07   2.6078776e-07
   5.0262361e-05   9.3374425e-05   2.5612754e-04   2.6757424e-03   0.0000000e+00   3.5346006e-03   3.6941050e-04   1.1171963e-04   5.9459606e-05   4.3564371e-05   2.0103179e-05   1.3850209e-05   5.8270286e-06   7.8754362e-06   3.2902639e-06   3.7487316e-06   2.9164749e-06   2.3500306e-06   1.6558565e-06   1.2926732e-06   1.3012516e-06   1.2181927e-06   1.4676155e-06   1.8318893e-06   1.0546262e-06   9.9821801e-07   7.7802727e-07   1.1799390e-06   1.1614597e-06   3.8227176e-07   4.8937561e-07   3.6670891e-07   2.1166065e-07   8.7263877e-08   6.5077483e-07   5.0134943e-07   3.0790674e-07   3.8100557e-07   7.7230677e-07   2.9928571e-07   4.5690456e-07   2.5513072e-07   2.7546306e-07   2.7385685e-07   3.0660165e-07   4.0112029e-07   5.1499629e-07   2.4889258e-07   2.0315406e-07   2.4185662e-07   1.6635682e-07   1.7956048e-07   1.0540995e-07   1.3976493e-07   1.7441177e-07   1.8654196e-07   2.0330776e-07   2.0096974e-07   2.0020645e-07   2.3294653e-07   2.1647343e-07   2.1424878e-07
   2.0576644e-05   4.5747256e-05   1.3014030e-04   2.0636676e-04   3.5346006e-03   0.0000000e+00   3.9482564e-03   7.4246593e-04   9.0879791e-05   6.1072244e-05   4.0319093e-05   1.5588135e-05   1.1750958e-05   6.1959475e-06   3.3787650e-06   4.8872608e-06   3.8833986e-06   2.1743139e-06   1.9527724e-06   1.5586044e-06   1.3858755e-06   1.0958602e-06   1.3416285e-06   1.5940543e-06   1.8245529e-06   1.5919097e-06   9.2379831e-07   1.4885871e-06   1.4194951e-06   3.2992182e-07   6.0579650e-07   3.8805367e-07   2.5684799e-07   1.4370316e-07   4.8150937e-07   6.3688300e-07   3.1054418e-07   4.9102405e-07   5.0297846e-07   4.3806826e-07   3.4968331e-07   2.5713386e-07   3.7673675e-07   3.2430050e-07   2.7723308e-07   4.7891166e-07   5.4672725e-07   2.5824657e-07   2.4243450e-07   2.7195056e-07   1.5855313e-07   2.1738621e-07   1.8974745e-07   1.7500136e-07   1.7416011e-07   2.0220453e-07   1.9518519e-07   2.6108386e-07   2.0379901e-07   2.7133487e-07   3.2050954e-07   2.6348802e-07
   1.9295845e-05   2.2557244e-05   7.6642093e-05   7.3703149e-05   3.6941050e-04   3.9482564e-03   0.0000000e+00   5.9669619e-03   4.4713757e-04   1.1582152e-04   5.8149304e-05   2.3575239e-05   1.7156343e-05   8.1644874e-06   7.0404222e-06   5.8028002e-06   4.2667262e-06   2.5712221e-06   2.3825897e-06   1.3537586e-06   1.5490956e-06   1.3887143e-06   1.4124607e-06   2.1161564e-06   1.9824201e-06   1.7652644e-06   1.2245364e-06   1.5746002e-06   1.2415307e-06   4.7060333e-07   6.4587426e-07   4.2140280e-07   1.7846852e-07   1.3764761e-07   6.8991020e-07   8.0774971e-07   3.6413719e-07   5.0538360e-07   3.9101427e-07   5.5336653e-07   3.3791218e-07   2.5894654e-07   3.6671853e-07   3.4132633e-07   2.4931567e-07   2.9111697e-07   6.2076154e-07   2.3977363e-07   2.4124969e-07   1.6757887e-07   1.8386258e-07   1.9084464e-07   2.1043026e-07   2.1969742e-07   1.4705147e-07   1.3419878e-07   2.3860498e-07   1.9568462e-07   2.5058786e-07   3.7504043e-07   3.3159728e-07   2.9967979e-07
   1.0685120e-05   1.8624004e-05   4.5015159e-05   6.0581199e-05   1.1171963e-04   7.4246593e-04   5.9669619e-03   0.0000000e+00   4.5116865e-03   3.3514215e-04   8.8586658e-05   3.4945044e-05   1.8482690e-05   1.3980189e-05   1.0845839e-05   6.0288064e-06   6.0857563e-06   3.5573333e-06   2.2498957e-06   2.3978302e-06   1.8702393e-06   1.8470077e-06   1.8089183e-06   1.9308727e-06   1.9237226e-06   1.7840455e-06   9.6764232e-07   1.7706614e-06   1.4310726e-06   5.2267907e-07   7.9655765e-07   3.4944900e-07   1.2596278e-07   1.4335867e-07   9.5610143e-07   7.0906692e-07   3.5823030e-07   4.9905667e-07   4.4407618e-07   4.3440124e-07   3.9198333e-07   3.1498686e-07   4.2932323e-07   3.0448471e-07   3.2811460e-07   4.0717672e-07   5.6674273e-07   2.3806948e-07   2.6291329e-07   3.8164154e-07   2.0973084e-07   2.6907801e-07   1.2327861e-07   2.2025996e-07   1.8056564e-07   2.1860041e-07   2.3646842e-07   2.3355467e-07   2.2973897e-07   2.6415518e-07   3.0276439e-07   3.7514124e-07
   8.8254338e-06   1.4758581e-05   1.6033874e-05   3.2314183e-05   5.9459606e-05   9.0879791e-05   4.4713757e-04   4.5116865e-03   0.0000000e+00   5.1774681e-03   2.3862858e-04   6.7876807e-05   3.5115944e-05   3.0857599e-05   1.9487840e-05   8.1443278e-06   7.6009213e-06   4.8189910e-06   3.1635265e-06   1.9230683e-06   2.0162603e-06   1.9238751e-06   1.9819878e-06   2.0743819e-06   1.6300499e-06   2.1537441e-06   1.1855705e-06   1.9765949e-06   2.6820601e-06   6.4605263e-07   9.0034973e-07   3.8188281e-07   2.1481070e-07   1.3211061e-07   1.2204126e-06   6.7712517e-07   5.3615209e-07   4.3144232e-07   4.2484813e-07   5.3595335e-07   3.5046608e-07   3.1908886e-07   3.9927670e-07   3.6235825e-07   3.4115827e-07   5.0748722e-07   7.1253532e-07   3.8047943e-07   3.1227489e-07   2.4207056e-07   2.1910614e-07   2.8080544e-07   1.5689533e-07   2.7161341e-07   1.8873852e-07   1.7014991e-07   2.2931525e-07   3.0673788e-07   3.2336507e-07   3.5330032e-07   3.0663041e-07   4.1885089e-07
   7.3034320e-06   1.2870108e-05   1.3975793e-05   2.2422497e-05   4.3564371e-05   6.1072244e-05   1.1582152e-04   3.3514215e-04   5.1774681e-03   0.0000000e+00   2.5319312e-03   2.2612282e-04   1.0727905e-04   4.7575930e-05   1.9901732e-05   2.1186690e-05   6.9603574e-06   3.0616021e-06   2.6088103e-06   4.1435248e-06   2.6959139e-06   2.2849178e-06   1.7094045e-06   2.2121321e-06   2.2190377e-06   2.2017245e-06   1.2287275e-06   3.2949275e-06   1.6806081e-06   5.6149419e-07   9.5273396e-07   2.4291664e-07   3.2207207e-07   1.4166843e-07   9.1970836e-07   7.4634985e-07   5.4861191e-07   3.6695357e-07   2.9601763e-07   6.4851541e-07   4.3642189e-07   4.8872192e-07   5.4125244e-07   6.1454076e-07   2.8354364e-07   4.7007557e-07   4.8050470e-07   4.4968601e-07   3.4632212e-07   3.7193845e-07   1.7279188e-07   2.3506648e-07   1.5047907e-07   2.1373849e-07   2.7359585e-07   2.8124260e-07   3.6375085e-07   1.9304045e-07   3.3695417e-07   2.5151317e-07   3.3518865e-07   4.9212007e-07
   5.0529905e-06   6.4439904e-06   7.7291569e-06   1.2546971e-05   2.0103179e-05   4.0319093e-05   5.8149304e-05   8.8586658e-05   2.3862858e-04   2.5319312e-03   0.0000000e+00   3.0794644e-03   2.4424328e-04   1.1775126e-04   3.0520829e-05   2.7082585e-05   1.1419261e-05   5.5023259e-06   5.4447284e-06   3.2919494e-06   2.5350339e-06   2.4204545e-06   2.1923899e-06   2.7235298e-06   3.3549631e-06   2.1704873e-06   1.3007975e-06   1.9029761e-06   1.6629198e-06   3.7149442e-07   5.2557950e-07   3.0490046e-07   3.8734748e-07   1.3066581e-07   8.6025630e-07   7.2357288e-07   4.4153338e-07   3.9662176e-07   4.0450794e-07   5.4142994e-07   8.5564041e-07   3.7882209e-07   1.5036759e-06   1.2153418e-06   6.3306720e-07   3.8239922e-07   4.3067269e-07   3.0252418e-07   3.7936766e-07   3.3679181e-07   2.4695918e-07   2.7269678e-07   2.0930702e-07   2.9301491e-07   2.4785136e-07   2.2837796e-07   3.0919065e-07   2.4416410e-07   3.7915761e-07   3.0767727e-07   3.5934098e-07   7.1549600e-07
   4.3113922e-06   5.4017692e-06   5.7201224e-06   1.1297041e-05   1.3850209e-05   1.5588135e-05   2.3575239e-05   3.4945044e-05   6.7876807e-05   2.2612282e-04   3.0794644e-03   0.0000000e+00   2.2036357e-03   1.8719850e-04   7.7246511e-05   2.0566215e-05   9.9352615e-06   7.7296998e-06   2.7477552e-06   4.5578664e-06   3.5495908e-06   2.7302380e-06   2.7733042e-06   2.1738349e-06   3.2329827e-06   2.8410416e-06   1.9066583e-06   1.6652414e-06   1.3213366e-06   4.0955337e-07   5.4142259e-07   3.1665008e-07   3.1719968e-07   2.8596156e-07   1.2209923e-06   6.2272780e-07   3.5465894e-07   4.7833057e-07   4.1171126e-07   4.0556372e-07   5.8960506e-07   4.5074740e-07   6.6922778e-07   6.1343463e-07   6.1961062e-07   5.6372485e-07   9.0576183e-07   6.9898641e-07   5.3608359e-07   3.3950590e-07   2.4593334e-07   2.7209255e-07   1.7841218e-07   1.7960448e-07   2.5066661e-07   2.5281435e-07   2.7606917e-07   2.6339354e-07   2.4059823e-07   3.0754922e-07   3.1334248e-07   5.5244664e-07
   3.7026553e-06   5.0942632e-06   7.2816887e-06   6.7483381e-06   5.8270286e-06   1.1750958e-05   1.7156343e-05   1.8482690e-05   3.5115944e-05   1.0727905e-04   2.4424328e-04   2.2036357e-03   0.0000000e+00   2.8203201e-03   1.9514517e-04   6.9265255e-05   1.5375252e-05   8.6658135e-06   4.8281286e-06   3.7488568e-06   3.1741868e-06   4.1383487e-06   2.6223984e-06   2.8985523e-06   3.2597715e-06   2.9757733e-06   2.7093733e-06   1.8861589e-06   1.1615723e-06   4.6390414e-07   6.6546076e-07   3.6513047e-07   3.3236363e-07   1.5461171e-07   7.8453106e-07   7.3693074e-07   3.7386308e-07   4.1016067e-07   5.1746081e-07   4.8459759e-07   5.1009034e-07   6.9130811e-07   9.3932188e-07   4.0499270e-07   1.0679919e-06   7.4812642e-07   6.9578917e-07   7.1865870e-07   2.7545139e-07   2.9941933e-07   2.7494082e-07   2.1707151e-07   1.3692061e-07   2.7358525e-07   2.0803788e-07   1.7878310e-07   2.2508390e-07   3.0955853e-07   3.4869239e-07   2.8864112e-07   2.4711707e-07   2.9334439e-07
   3.8611191e-06   3.6725957e-06   3.2603281e-06   5.9303508e-06   7.8754362e-06   6.1959475e-06   8.1644874e-06   1.3980189e-05   3.0857599e-05   4.7575930e-05   1.1775126e-04   1.8719850e-04   2.8203201e-03   0.0000000e+00   3.9062452e-03   2.3831586e-04   2.4662177e-05   9.6642717e-06   5.2987559e-06   4.4187614e-06   3.5788371e-06   5.0894058e-06   2.8762958e-06   2.7181109e-06   2.6644737e-06   2.5310226e-06   2.2163647e-06   1.1843638e-06   1.3907621e-06   4.4272206e-07   6.8855385e-07   2.9587656e-07   2.0515982e-07   2.3706113e-07   5.0450991e-07   6.1649803e-07   3.9004247e-07   6.0357681e-07   2.4109815e-07   6.6006504e-07   4.0327857e-07   2.4295299e-07   5.2085995e-07   4.3469671e-07   1.1037125e-06   6.2897532e-07   5.9180115e-07   6.3412418e-07   3.2386164e-07   3.3984366e-07   2.3912138e-07   1.7508331e-07   2.0627221e-07   2.2916090e-07   2.0439291e-07   1.9245875e-07   2.4232137e-07   2.7986709e-07   3.1863567e-07   3.3174491e-07   3.2162406e-07   3.5280668e-07
   2.8378669e-06   2.9445585e-06   3.3030425e-06   3.5613583e-06   3.2902639e-06   3.3787650e-06   7.0404222e-06   1.0845839e-05   1.9487840e-05   1.9901732e-05   3.0520829e-05   7.7246511e-05   1.9514517e-04   3.9062452e-03   0.0000000e+00   1.8284239e-03   3.4813674e-05   1.1624680e-05   8.1228413e-06   4.9676913e-06   4.4994804e-06   5.5140535e-06   4.4152701e-06   4.5149580e-06   2.8397952e-06   2.9125732e-06   2.1182335e-06   1.4911393e-06   1.8404064e-06   4.8700886e-07   7.2345092e-07   3.8641904e-07   2.9076280e-07   1.8697946e-07   9.6886450e-07   5.9286282e-07   3.2783242e-07   5.7647856e-07   5.5154519e-07   6.4864967e-07   7.7391518e-07   3.7055123e-07   3.0696569e-07   4.4418455e-07   1.2336865e-06   6.1451620e-07   7.9926167e-07   3.6732793e-07   2.8930850e-07   2.4530697e-07   1.7850984e-07   1.9099004e-07   1.8516240e-07   1.7270147e-07   1.2639689e-07   1.8028679e-07   2.1252400e-07   2.1933840e-07   2.4754711e-07   2.1636901e-07   2.9645880e-07   3.6349170e-07
   2.3379573e-06   3.2119314e-06   3.0167638e-06   4.3514586e-06   3.7487316e-06   4.8872608e-06   5.8028002e-06   6.0288064e-06   8.1443278e-06   2.1186690e-05   2.7082585e-05   2.0566215e-05   6.9265255e-05   2.3831586e-04   1.8284239e-03   0.0000000e+00   5.8428336e-04   1.9930592e-05   1.1912001e-05   8.9704652e-06   1.0355567e-05   5.9880566e-06   4.2976451e-06   3.2344347e-06   4.7160845e-06   2.4864824e-06   3.4024995e-06   2.2639593e-06   1.7180312e-06   4.1428180e-07   8.5529479e-07   3.4588071e-07   3.1568451e-07   1.4412213e-07   1.1260602e-06   8.4230747e-07   5.2703305e-07   4.8103500e-07   4.7785694e-07   8.2413697e-07   1.0656280e-06   6.6817070e-07   5.2644846e-07   6.1329053e-07   8.9596165e-07   9.9290549e-07   8.1438558e-07   4.2763114e-07   4.3133470e-07   3.9669981e-07   2.2719617e-07   2.3190975e-07   2.3873885e-07   2.5044533e-07   2.3639133e-07   1.9859520e-07   1.3629753e-07   2.0160535e-07   2.6012585e-07   2.7633584e-07   3.7481515e-07   5.1844705e-07
   3.8156354e-06   1.9646206e-06   2.8688500e-06   3.9557750e-06   2.9164749e-06   3.8833986e-06   4.2667262e-06   6.0857563e-06   7.6009213e-06   6.9603574e-06   1.1419261e-05   9.9352615e-06   1.5375252e-05   2.4662177e-05   3.4813674e-05   5.8428336e-04   0.0000000e+00   5.4733523e-04   4.1359067e-05   1.8292380e-05   1.1515260e-05   1.1487551e-05   8.4463835e-06   1.1579203e-05   9.4469461e-06   3.2427443e-06   3.1453446e-06   2.8977585e-06   3.3943902e-06   3.8869312e-07   1.3738217e-06   5.9262734e-07   6.2585248e-07   2.9852730e-07   1.6268238e-06   1.3662655e-06   5.2918706e-07   7.2789545e-07   7.1937761e-07   7.2235971e-07   7.6487883e-07   5.6010464e-07   6.2841477e-07   5.5507199e-07   1.2901078e-06   1.1051548e-06   9.2401343e-07   5.8358759e-07   5.0034740e-07   5.3163588e-07   5.3907328e-07   4.5837719e-07   2.9090086e-07   2.6721307e-07   3.2303015e-07   2.7048394e-07   3.8257058e-07   6.4568625e-07   5.4213569e-07   7.3300645e-07   1.4450953e-06   2.3773345e-06
   3.1436493e-06   2.7211973e-06   4.1753445e-06   2.4579777e-06   2.3500306e-06   2.1743139e-06   2.5712221e-06   3.5573333e-06   4.8189910e-06   3.0616021e-06   5.5023259e-06   7.7296998e-06   8.6658135e-06   9.6642717e-06   1.1624680e-05   1.9930592e-05   5.4733523e-04   0.0000000e+00   1.0016562e-03   1.2022837e-04   6.1898999e-05   2.3146872e-05   2.3275694e-05   1.4627732e-05   7.5737705e-06   5.7957633e-06   2.8358379e-06   3.3184409e-06   2.8265989e-06   2.8392984e-06   2.4191435e-06   8.1769104e-07   8.5504562e-07   1.6643513e-07   9.2724012e-07   1.6262819e-06   1.4533101e-06   3.5343348e-06   2.8824260e-06   1.9535468e-06   2.2063531e-06   2.5167990e-06   1.3552729e-06   1.6857288e-06   1.2238117e-06   3.4035147e-06   3.5969194e-06   2.5414448e-06   7.2422973e-07   6.8444081e-07   6.0417225e-07   3.1320133e-07   4.3539186e-07   5.9607757e-07   9.8346447e-07   5.9874070e-07   8.7902054e-07   9.9311425e-07   7.2043754e-07   9.6969898e-07   8.5588549e-07   1.4743172e-06
   2.1574367e-06   2.4615889e-06   2.2632524e-06   1.8069445e-06   1.6558565e-06   1.9527724e-06   2.3825897e-06   2.2498957e-06   3.1635265e-06   2.6088103e-06   5.4447284e-06   2.7477552e-06   4.8281286e-06   5.2987559e-06   8.1228413e-06   1.1912001e-05   4.1359067e-05   1.0016562e-03   0.0000000e+00   1.9709718e-03   2.2453071e-04   4.5594123e-05   2.2577928e-05   1.3513481e-05   1.0888854e-05   5.0460262e-06   3.5825075e-06   2.2052465e-06   2.1849209e-06   5.4136007e-06   4.3578714e-06   5.7202596e-07   3.2821176e-07   1.9781310e-07   2.2502810e-06   1.0887604e-06   1.8216708e-06   1.1038441e-06   1.2304975e-06   9.8704204e-07   1.1030966e-06   1.7894625e-06   8.9040206e-07   1.3219699e-06   1.4492216e-06   1.5616882e-06   1.7766026e-06   8.3171825e-07   4.5226990e-07   4.4858284e-07   3.9109802e-07   2.9740560e-07   3.3424391e-07   3.0073842e-07   3.3283046e-07   2.1613755e-07   2.7668576e-07   3.5650131e-07   5.7291986e-07   7.4548570e-07   5.3897518e-07   6.9158669e-07
   1.5837166e-06   1.3862332e-06   1.5184720e-06   1.5851459e-06   1.2926732e-06   1.5586044e-06   1.3537586e-06   2.3978302e-06   1.9230683e-06   4.1435248e-06   3.2919494e-06   4.5578664e-06   3.7488568e-06   4.4187614e-06   4.9676913e-06   8.9704652e-06   1.8292380e-05   1.2022837e-04   1.9709718e-03   0.0000000e+00   2.8418911e-03   2.7835475e-04   6.8205854e-05   2.1498031e-05   1.1988960e-05   4.3067062e-06   3.0941274e-06   4.3024194e-06   2.7044467e-06   4.0717917e-06   3.9019032e-06   6.3289099e-07   5.8744773e-07   2.0951146e-07   2.1230050e-06   1.4558791e-06   7.2664466e-07   1.1593268e-06   1.3567410e-06   1.2334950e-06   8.5413988e-07   5.1753428e-07   9.8597116e-07   1.6412302e-06   1.0388240e-06   1.1354271e-06   1.9267925e-06   9.8670729e-07   5.2694011e-07   3.8891857e-07   2.9393469e-07   3.4925279e-07   2.6985202e-07   2.6207714e-07   2.3483816e-07   1.5117317e-07   3.4736362e-07   3.1373613e-07   5.3837310e-07   4.1635256e-07   8.6673443e-07   1.3974202e-06
   1.7574684e-06   1.3916746e-06   1.8414886e-06   1.2444029e-06   1.3012516e-06   1.3858755e-06   1.5490956e-06   1.8702393e-06   2.0162603e-06   2.6959139e-06   2.5350339e-06   3.5495908e-06   3.1741868e-06   3.5788371e-06   4.4994804e-06   1.0355567e-05   1.1515260e-05   6.1898999e-05   2.2453071e-04   2.8418911e-03   0.0000000e+00   3.7250833e-03   2.5553928e-04   4.5195351e-05   2.7807274e-05   7.0137816e-06   5.9767404e-06   5.7972698e-06   2.5952370e-06   4.0169254e-06   4.4564487e-06   8.5711756e-07   2.9019456e-07   2.4092424e-07   1.0531638e-06   8.9341937e-07   1.0521357e-06   8.6618844e-07   1.0111072e-06   2.2180050e-06   8.2149589e-07   1.1053433e-06   7.6307429e-07   8.9254314e-07   1.1543684e-06   1.4194198e-06   1.5680254e-06   5.1375129e-07   5.2753733e-07   5.9424170e-07   2.2314752e-07   2.7704190e-07   3.0915633e-07   2.2117401e-07   1.8146439e-07   2.0311529e-07   3.1110836e-07   2.9819251e-07   2.9549240e-07   3.9347310e-07   6.1860688e-07   9.0733124e-07
   1.9707090e-06   1.3240023e-06   1.4202517e-06   1.2663713e-06   1.2181927e-06   1.0958602e-06   1.3887143e-06   1.8470077e-06   1.9238751e-06   2.2849178e-06   2.4204545e-06   2.7302380e-06   4.1383487e-06   5.0894058e-06   5.5140535e-06   5.9880566e-06   1.1487551e-05   2.3146872e-05   4.5594123e-05   2.7835475e-04   3.7250833e-03   0.0000000e+00   2.6853909e-03   1.5649327e-04   3.7284424e-05   7.8814229e-06   5.8684198e-06   4.6887707e-06   3.5461869e-06   3.3107723e-06   2.4669716e-06   8.4229718e-07   3.6382210e-07   3.0426480e-07   2.3094895e-06   1.5287398e-06   9.2748405e-07   1.5964416e-06   1.6615931e-06   1.1251973e-06   9.7209054e-07   7.9453954e-07   1.1040706e-06   9.0568805e-07   1.0439831e-06   9.9151112e-07   1.1309315e-06   1.3085198e-06   5.2459451e-07   4.7636562e-07   4.7007351e-07   2.9342757e-07   2.3340013e-07   2.0631153e-07   2.5538564e-07   1.6082984e-07   3.5239273e-07   3.6535801e-07   3.8307338e-07   3.7670330e-07   5.9959117e-07   1.1366065e-06
   1.8696447e-06   1.4333205e-06   1.8880221e-06   1.0707097e-06   1.4676155e-06   1.3416285e-06   1.4124607e-06   1.8089183e-06   1.9819878e-06   1.7094045e-06   2.1923899e-06   2.7733042e-06   2.6223984e-06   2.8762958e-06   4.4152701e-06   4.2976451e-06   8.4463835e-06   2.3275694e-05   2.2577928e-05   6.8205854e-05   2.5553928e-04   2.6853909e-03   0.0000000e+00   2.2530175e-03   8.6015384e-05   9.6127881e-06   6.5127471e-06   6.2224160e-06   4.9806252e-06   2.3520993e-06   3.4584693e-06   3.9401240e-07   3.4743923e-07   2.1787578e-07   1.2471688e-06   1.5397231e-06   1.1960732e-06   1.9464291e-06   1.2980223e-06   1.7050619e-06   1.2282686e-06   2.5102808e-06   1.6670312e-06   1.2909736e-06   8.1949573e-07   1.0163633e-06   1.6055294e-06   1.0962578e-06   4.0532213e-07   4.5295486e-07   3.0475111e-07   2.6226634e-07   2.9457274e-07   4.1625303e-07   3.8896746e-07   3.3191457e-07   4.9885455e-07   4.3689170e-07   5.1051966e-07   1.1271005e-06   1.0414302e-06   1.7297791e-06
   1.8762125e-06   2.3444235e-06   2.4345277e-06   1.2646237e-06   1.8318893e-06   1.5940543e-06   2.1161564e-06   1.9308727e-06   2.0743819e-06   2.2121321e-06   2.7235298e-06   2.1738349e-06   2.8985523e-06   2.7181109e-06   4.5149580e-06   3.2344347e-06   1.1579203e-05   1.4627732e-05   1.3513481e-05   2.1498031e-05   4.5195351e-05   1.5649327e-04   2.2530175e-03   0.0000000e+00   9.9405574e-04   5.4856446e-05   2.3726348e-05   5.1649021e-06   4.2534935e-06   2.7465648e-06   2.4638713e-06   1.3262452e-06   5.6387156e-07   6.3975046e-07   2.1631004e-06   3.8200982e-06   2.9390175e-06   1.8914985e-06   2.6015752e-06   2.0709721e-06   1.9270910e-06   1.3860486e-06   2.4775516e-06   1.5666317e-06   1.5009233e-06   1.0238836e-06   5.5313877e-06   7.4671938e-07   6.4043051e-07   9.1789936e-07   6.9753039e-07   3.3252775e-07   3.6761713e-07   3.5074410e-07   3.5377506e-07   4.4040067e-07   4.5351948e-07   4.7213476e-07   5.2038456e-07   7.4879006e-07   8.7644051e-07   8.7988116e-07
   1.4388576e-06   3.4262459e-06   1.7938889e-06   1.0389273e-06   1.0546262e-06   1.8245529e-06   1.9824201e-06   1.9237226e-06   1.6300499e-06   2.2190377e-06   3.3549631e-06   3.2329827e-06   3.2597715e-06   2.6644737e-06   2.8397952e-06   4.7160845e-06   9.4469461e-06   7.5737705e-06   1.0888854e-05   1.1988960e-05   2.7807274e-05   3.7284424e-05   8.6015384e-05   9.9405574e-04   0.0000000e+00   2.1362617e-03   5.0943448e-05   2.4378551e-05   1.0227420e-05   2.4221295e-06   2.0412154e-06   2.9207757e-06   5.1152734e-07   3.6556528e-07   1.4596255e-06   6.3907659e-06   3.1549889e-06   1.8943474e-06   3.8836908e-06   3.2384286e-06   2.2070097e-06   1.4695963e-06   3.7861309e-06   4.2360238e-06   2.8375309e-06   2.5720045e-06   5.1297663e-06   3.4182536e-06   1.4330368e-06   1.2679812e-06   6.8116441e-07   6.3516797e-07   3.8049349e-07   9.8214969e-07   5.3384567e-07   8.2823201e-07   1.7766574e-06   8.5822436e-07   9.9858067e-07   1.3635572e-06   1.3728017e-06   1.6645711e-06
   1.3912821e-06   2.5161392e-06   1.6761390e-06   1.0329086e-06   9.9821801e-07   1.5919097e-06   1.7652644e-06   1.7840455e-06   2.1537441e-06   2.2017245e-06   2.1704873e-06   2.8410416e-06   2.9757733e-06   2.5310226e-06   2.9125732e-06   2.4864824e-06   3.2427443e-06   5.7957633e-06   5.0460262e-06   4.3067062e-06   7.0137816e-06   7.8814229e-06   9.6127881e-06   5.4856446e-05   2.1362617e-03   0.0000000e+00   2.2762727e-03   2.3891320e-04   3.1620056e-05   4.9830989e-06   3.8524463e-06   4.0962083e-06   1.4517426e-06   6.5857260e-07   2.9236467e-06   5.5411639e-06   1.5041570e-06   1.2999771e-06   2.2491518e-06   2.3948671e-06   2.0199753e-06   1.5216213e-06   1.5406445e-06   1.5176290e-06   1.5826638e-06   1.7134579e-06   2.7919438e-06   1.5003562e-06   1.6058328e-06   1.6563646e-06   6.9742802e-07   5.4367594e-07   8.2218499e-07   9.7624513e-07   8.7527732e-07   6.8102695e-07   1.1404842e-06   1.0522381e-06   1.3771456e-06   1.1196647e-06   1.9904423e-06   2.3077652e-06
   5.4851287e-07   8.9052008e-07   1.1702310e-06   6.3955640e-07   7.7802727e-07   9.2379831e-07   1.2245364e-06   9.6764232e-07   1.1855705e-06   1.2287275e-06   1.3007975e-06   1.9066583e-06   2.7093733e-06   2.2163647e-06   2.1182335e-06   3.4024995e-06   3.1453446e-06   2.8358379e-06   3.5825075e-06   3.0941274e-06   5.9767404e-06   5.8684198e-06   6.5127471e-06   2.3726348e-05   5.0943448e-05   2.2762727e-03   0.0000000e+00   1.4326837e-03   2.1811473e-04   1.2663028e-05   8.3770038e-06   1.8606090e-06   9.1471285e-07   2.4671840e-07   1.0378592e-06   2.9685418e-06   7.6407835e-07   6.2222299e-07   7.4433872e-07   1.3993085e-06   8.8204664e-07   8.3974015e-07   6.9896352e-07   7.9614995e-07   1.5020498e-06   9.9992765e-07   1.0657232e-06   1.4499595e-06   6.2066143e-07   6.1383650e-07   5.5225466e-07   2.4202988e-07   4.2290782e-07   3.0503820e-07   3.7625430e-07   4.3170272e-07   4.1180227e-07   5.1361356e-07   3.9424461e-07   6.7544611e-07   6.8974129e-07   7.8807303e-07
   7.3694216e-07   1.6089800e-06   1.6870270e-06   1.0341756e-06   1.1799390e-06   1.4885871e-06   1.5746002e-06   1.7706614e-06   1.9765949e-06   3.2949275e-06   1.9029761e-06   1.6652414e-06   1.8861589e-06   1.1843638e-06   1.4911393e-06   2.2639593e-06   2.8977585e-06   3.3184409e-06   2.2052465e-06   4.3024194e-06   5.7972698e-06   4.6887707e-06   6.2224160e-06   5.1649021e-06   2.4378551e-05   2.3891320e-04   1.4326837e-03   0.0000000e+00   1.8025793e-03   1.1062829e-05   1.1029395e-05   4.0044430e-06   8.0980614e-07   2.6598179e-07   1.4859474e-06   3.4771942e-06   6.1110661e-07   1.3177361e-06   1.1709987e-06   1.3228444e-06   6.3148422e-07   1.1571317e-06   1.5833589e-06   9.7958686e-07   2.0433263e-06   1.1032886e-06   9.0953405e-07   2.0704387e-06   1.7866266e-06   1.1309545e-06   7.6118713e-07   6.5130086e-07   7.0429185e-07   7.7715953e-07   9.4852298e-07   5.8601658e-07   6.4888334e-07   6.3102600e-07   7.1952306e-07   1.1790793e-06   2.8518706e-06   1.8853582e-06
   1.1937197e-06   1.4011115e-06   1.5525099e-06   1.0445918e-06   1.1614597e-06   1.4194951e-06   1.2415307e-06   1.4310726e-06   2.6820601e-06   1.6806081e-06   1.6629198e-06   1.3213366e-06   1.1615723e-06   1.3907621e-06   1.8404064e-06   1.7180312e-06   3.3943902e-06   2.8265989e-06   2.1849209e-06   2.7044467e-06   2.5952370e-06   3.5461869e-06   4.9806252e-06   4.2534935e-06   1.0227420e-05   3.1620056e-05   2.1811473e-04   1.8025793e-03   0.0000000e+00   1.1653995e-03   7.9923940e-05   3.3274742e-06   6.3613969e-07   5.4039366e-07   3.7209246e-06   3.1627193e-06   8.0781294e-07   2.2425007e-06   1.3644075e-06   2.7869011e-06   1.2018457e-06   1.1501170e-06   1.1155525e-06   7.2262734e-07   2.9255627e-06   1.2114906e-06   2.1604203e-06   2.1514802e-06   9.9728144e-07   1.5474364e-06   9.9274516e-07   6.0999944e-07   4.6493397e-07   4.9691637e-07   8.2321294e-07   5.5925310e-07   9.6045105e-07   8.9542892e-07   6.6807637e-07   1.5618166e-06   2.2571515e-06   1.9793183e-06
   2.5844028e-07   4.5058920e-07   3.6953852e-07   3.1262300e-07   3.8227176e-07   3.2992182e-07   4.7060333e-07   5.2267907e-07   6.4605263e-07   5.6149419e-07   3.7149442e-07   4.0955337e-07   4.6390414e-07   4.4272206e-07   4.8700886e-07   4.1428180e-07   3.8869312e-07   2.8392984e-06   5.4136007e-06   4.0717917e-06   4.0169254e-06   3.3107723e-06   2.3520993e-06   2.7465648e-06   2.4221295e-06   4.9830989e-06   1.2663028e-05   1.1062829e-05   1.1653995e-03   0.0000000e+00   1.5723241e-03   5.4915192e-07   2.4508505e-07   1.3595423e-07   4.7571090e-07   4.1486990e-07   1.8981011e-07   2.2127630e-07   2.2176073e-07   3.2569659e-07   1.5346856e-07   1.5344471e-07   2.4734166e-07   1.8011883e-07   1.9681631e-07   1.0407754e-07   2.3036421e-07   9.4858593e-08   1.8867390e-07   1.8620332e-07   1.1228553e-07   1.1239102e-07   8.0180054e-08   9.4391946e-08   1.2576774e-07   9.2774893e-08   9.3311776e-08   1.3737345e-07   1.2297201e-07   2.2185625e-07   2.4661424e-07   1.7236329e-07
   2.2868736e-07   3.2981952e-07   4.7067521e-07   3.4939152e-07   4.8937561e-07   6.0579650e-07   6.4587426e-07   7.9655765e-07   9.0034973e-07   9.5273396e-07   5.2557950e-07   5.4142259e-07   6.6546076e-07   6.8855385e-07   7.2345092e-07   8.5529479e-07   1.3738217e-06   2.4191435e-06   4.3578714e-06   3.9019032e-06   4.4564487e-06   2.4669716e-06   3.4584693e-06   2.4638713e-06   2.0412154e-06   3.8524463e-06   8.3770038e-06   1.1029395e-05   7.9923940e-05   1.5723241e-03   0.0000000e+00   1.1825928e-06   2.6193684e-07   1.9961191e-07   1.2036555e-06   5.3368628e-07   4.3703520e-07   9.8638694e-07   7.3100065e-07   5.3650124e-07   3.5625203e-07   2.0633316e-07   3.2876301e-07   2.6635268e-07   2.3361133e-07   2.4550123e-07   1.0258461e-06   3.1913963e-07   2.5197563e-07   2.7479292e-07   2.0417739e-07   2.4711640e-07   1.5148626e-07   1.3149160e-07   1.3957857e-07   1.9079566e-07   1.8616957e-07   2.3836924e-07   1.1720935e-07   4.8451226e-07   7.2526827e-07   4.0118395e-07
   3.9541710e-07   5.1207602e-07   7.6915903e-07   2.2640204e-07   3.6670891e-07   3.8805367e-07   4.2140280e-07   3.4944900e-07   3.8188281e-07   2.4291664e-07   3.0490046e-07   3.1665008e-07   3.6513047e-07   2.9587656e-07   3.8641904e-07   3.4588071e-07   5.9262734e-07   8.1769104e-07   5.7202596e-07   6.3289099e-07   8.5711756e-07   8.4229718e-07   3.9401240e-07   1.3262452e-06   2.9207757e-06   4.0962083e-06   1.8606090e-06   4.0044430e-06   3.3274742e-06   5.4915192e-07   1.1825928e-06   0.0000000e+00   9.1922669e-04   1.2235062e-04   1.0077626e-04   3.2952393e-05   6.1298200e-06   3.3687686e-06   2.8711343e-06   2.8933860e-06   3.6720904e-06   2.1430942e-06   1.8856616e-06   1.9494768e-06   1.8978627e-06   1.5612953e-06   3.6724384e-06   2.7660722e-06   1.8869603e-06   1.2181735e-06   9.2537875e-07   1.2847107e-06   1.4798196e-06   9.2532962e-07   8.6831509e-07   1.0330638e-06   1.4453478e-06   1.6443407e-06   1.2664137e-06   8.3010360e-07   1.1066417e-06   8.8115288e-07
   3.7220425e-07   3.3060242e-07   3.0817124e-07   1.5698773e-07   2.1166065e-07   2.5684799e-07   1.7846852e-07   1.2596278e-07   2.1481070e-07   3.2207207e-07   3.8734748e-07   3.1719968e-07   3.3236363e-07   2.0515982e-07   2.9076280e-07   3.1568451e-07   6.2585248e-07   8.5504562e-07   3.2821176e-07   5.8744773e-07   2.9019456e-07   3.6382210e-07   3.4743923e-07   5.6387156e-07   5.1152734e-07   1.4517426e-06   9.1471285e-07   8.0980614e-07   6.3613969e-07   2.4508505e-07   2.6193684e-07   9.1922669e-04   0.0000000e+00   2.0272777e-03   1.6286514e-04   3.1068377e-05   3.4629735e-06   3.1430367e-06   3.1874846e-06   1.5861958e-06   1.4009326e-06   1.1441621e-06   1.1333239e-06   1.0828572e-06   1.3168620e-06   7.4515480e-07   9.8611105e-07   8.7342516e-07   9.5515346e-07   6.4385946e-07   4.8943995e-07   4.9863557e-07   6.0517785e-07   6.4105082e-07   7.8142294e-07   1.0535455e-06   1.0405184e-06   8.9200175e-07   8.8129621e-07   4.3855972e-07   6.6831244e-07   8.2455881e-07
   1.8219028e-07   1.8661812e-07   3.3077131e-07   1.4185444e-07   8.7263877e-08   1.4370316e-07   1.3764761e-07   1.4335867e-07   1.3211061e-07   1.4166843e-07   1.3066581e-07   2.8596156e-07   1.5461171e-07   2.3706113e-07   1.8697946e-07   1.4412213e-07   2.9852730e-07   1.6643513e-07   1.9781310e-07   2.0951146e-07   2.4092424e-07   3.0426480e-07   2.1787578e-07   6.3975046e-07   3.6556528e-07   6.5857260e-07   2.4671840e-07   2.6598179e-07   5.4039366e-07   1.3595423e-07   1.9961191e-07   1.2235062e-04   2.0272777e-03   0.0000000e+00   2.2706527e-03   1.4153832e-05   2.5846306e-06   2.0696101e-06   2.5607789e-06   1.5787266e-06   1.2710602e-06   1.4185428e-06   9.4861208e-07   1.0012203e-06   6.2955698e-07   4.6356795e-07   6.7610284e-07   6.6613752e-07   6.5218021e-07   5.1157004e-07   4.4387250e-07   3.4823195e-07   5.8260668e-07   7.3253157e-07   6.8569767e-07   8.0182606e-07   7.4358624e-07   8.0612956e-07   6.4464747e-07   5.8534819e-07   4.3675455e-07   3.1260316e-07
   5.7420569e-07   9.2374570e-07   1.2163425e-06   4.6281354e-07   6.5077483e-07   4.8150937e-07   6.8991020e-07   9.5610143e-07   1.2204126e-06   9.1970836e-07   8.6025630e-07   1.2209923e-06   7.8453106e-07   5.0450991e-07   9.6886450e-07   1.1260602e-06   1.6268238e-06   9.2724012e-07   2.2502810e-06   2.1230050e-06   1.0531638e-06   2.3094895e-06   1.2471688e-06   2.1631004e-06   1.4596255e-06   2.9236467e-06   1.0378592e-06   1.4859474e-06   3.7209246e-06   4.7571090e-07   1.2036555e-06   1.0077626e-04   1.6286514e-04   2.2706527e-03   0.0000000e+00   2.9997980e-04   1.1813489e-05   2.0084656e-05   1.2240882e-05   5.2404591e-06   3.8969380e-06   3.6122413e-06   3.6801414e-06   5.0075577e-06   1.8693935e-06   2.5746222e-06   2.1005296e-06   2.5947083e-06   1.8569142e-06   1.3778768e-06   1.6462169e-06   1.4377895e-06   1.3514892e-06   1.3143095e-06   1.3163276e-06   1.2928604e-06   1.4705137e-06   1.8617731e-06   1.7597049e-06   1.5761103e-06   1.1270636e-06   1.1671705e-06
   1.2912177e-06   1.1816049e-06   1.5965012e-06   9.5529587e-07   5.0134943e-07   6.3688300e-07   8.0774971e-07   7.0906692e-07   6.7712517e-07   7.4634985e-07   7.2357288e-07   6.2272780e-07   7.3693074e-07   6.1649803e-07   5.9286282e-07   8.4230747e-07   1.3662655e-06   1.6262819e-06   1.0887604e-06   1.4558791e-06   8.9341937e-07   1.5287398e-06   1.5397231e-06   3.8200982e-06   6.3907659e-06   5.5411639e-06   2.9685418e-06   3.4771942e-06   3.1627193e-06   4.1486990e-07   5.3368628e-07   3.2952393e-05   3.1068377e-05   1.4153832e-05   2.9997980e-04   0.0000000e+00   2.0393478e-04   5.6985369e-05   4.0467074e-05   1.6585497e-05   1.5184839e-05   1.3878088e-05   1.0895919e-05   9.0010307e-06   6.5692083e-06   4.8640790e-06   3.6506802e-06   5.4788412e-06   4.1636274e-06   3.6285133e-06   2.0477637e-06   1.8962714e-06   1.6147280e-06   1.5973396e-06   1.5955510e-06   1.7531227e-06   2.2534591e-06   2.1625060e-06   2.3008036e-06   1.9534267e-06   2.2390016e-06   2.0642773e-06
   8.4130893e-07   9.4401020e-07   1.0923360e-06   4.4150909e-07   3.0790674e-07   3.1054418e-07   3.6413719e-07   3.5823030e-07   5.3615209e-07   5.4861191e-07   4.4153338e-07   3.5465894e-07   3.7386308e-07   3.9004247e-07   3.2783242e-07   5.2703305e-07   5.2918706e-07   1.4533101e-06   1.8216708e-06   7.2664466e-07   1.0521357e-06   9.2748405e-07   1.1960732e-06   2.9390175e-06   3.1549889e-06   1.5041570e-06   7.6407835e-07   6.1110661e-07   8.0781294e-07   1.8981011e-07   4.3703520e-07   6.1298200e-06   3.4629735e-06   2.5846306e-06   1.1813489e-05   2.0393478e-04   0.0000000e+00   2.7058999e-03   1.8622024e-04   6.0695980e-05   3.9690576e-05   2.1909628e-05   1.7726318e-05   1.4089930e-05   7.1563999e-06   8.9361122e-06   7.6472687e-06   3.4527085e-06   3.0589354e-06   2.8187635e-06   2.3120647e-06   2.5269163e-06   2.1198724e-06   2.1961849e-06   2.4800372e-06   2.0144998e-06   2.4792068e-06   2.6852550e-06   2.3637945e-06   2.3923489e-06   1.7470510e-06   2.1542814e-06
   7.3818545e-07   8.0113724e-07   8.8672014e-07   6.3249388e-07   3.8100557e-07   4.9102405e-07   5.0538360e-07   4.9905667e-07   4.3144232e-07   3.6695357e-07   3.9662176e-07   4.7833057e-07   4.1016067e-07   6.0357681e-07   5.7647856e-07   4.8103500e-07   7.2789545e-07   3.5343348e-06   1.1038441e-06   1.1593268e-06   8.6618844e-07   1.5964416e-06   1.9464291e-06   1.8914985e-06   1.8943474e-06   1.2999771e-06   6.2222299e-07   1.3177361e-06   2.2425007e-06   2.2127630e-07   9.8638694e-07   3.3687686e-06   3.1430367e-06   2.0696101e-06   2.0084656e-05   5.6985369e-05   2.7058999e-03   0.0000000e+00   1.2669281e-03   1.7628246e-04   5.7162806e-05   2.9307829e-05   2.2625702e-05   1.7474779e-05   1.6653497e-05   1.1947938e-05   6.8020528e-06   5.3460204e-06   3.2451416e-06   2.2336715e-06   2.4018582e-06   2.4603940e-06   1.8350691e-06   1.9870455e-06   1.7102870e-06   2.2360996e-06   2.4174223e-06   1.6878478e-06   1.8590609e-06   1.8126471e-06   2.9860004e-06   1.7560929e-06
   7.2302295e-07   6.1820983e-07   6.6626597e-07   3.2199681e-07   7.7230677e-07   5.0297846e-07   3.9101427e-07   4.4407618e-07   4.2484813e-07   2.9601763e-07   4.0450794e-07   4.1171126e-07   5.1746081e-07   2.4109815e-07   5.5154519e-07   4.7785694e-07   7.1937761e-07   2.8824260e-06   1.2304975e-06   1.3567410e-06   1.0111072e-06   1.6615931e-06   1.2980223e-06   2.6015752e-06   3.8836908e-06   2.2491518e-06   7.4433872e-07   1.1709987e-06   1.3644075e-06   2.2176073e-07   7.3100065e-07   2.8711343e-06   3.1874846e-06   2.5607789e-06   1.2240882e-05   4.0467074e-05   1.8622024e-04   1.2669281e-03   0.0000000e+00   2.1153208e-03   1.7977500e-04   5.8398372e-05   3.1885923e-05   1.6977151e-05   1.3927776e-05   1.3388826e-05   8.5845052e-06   6.7736429e-06   3.7931590e-06   4.3959797e-06   2.5680492e-06   2.4651355e-06   1.7650362e-06   2.2462966e-06   1.7230430e-06   1.7416016e-06   1.7132428e-06   2.3756725e-06   2.1683969e-06   1.9340435e-06   2.5789829e-06   2.2469189e-06
   8.9144392e-07   4.7514603e-07   6.3191586e-07   3.1593321e-07   2.9928571e-07   4.3806826e-07   5.5336653e-07   4.3440124e-07   5.3595335e-07   6.4851541e-07   5.4142994e-07   4.0556372e-07   4.8459759e-07   6.6006504e-07   6.4864967e-07   8.2413697e-07   7.2235971e-07   1.9535468e-06   9.8704204e-07   1.2334950e-06   2.2180050e-06   1.1251973e-06   1.7050619e-06   2.0709721e-06   3.2384286e-06   2.3948671e-06   1.3993085e-06   1.3228444e-06   2.7869011e-06   3.2569659e-07   5.3650124e-07   2.8933860e-06   1.5861958e-06   1.5787266e-06   5.2404591e-06   1.6585497e-05   6.0695980e-05   1.7628246e-04   2.1153208e-03   0.0000000e+00   1.2258203e-03   1.8791826e-04   6.5352377e-05   3.4452466e-05   3.0499550e-05   3.0849460e-05   1.6163555e-05   7.2573652e-06   5.9908957e-06   4.2861355e-06   2.7104740e-06   3.4601038e-06   2.9644986e-06   2.7351721e-06   3.0332124e-06   2.1508808e-06   3.1112613e-06   3.4924744e-06   2.9502459e-06   2.3534843e-06   2.1986356e-06   2.3460516e-06
