   0.0000000e+00   2.2556853e-03   1.3241212e-04   5.6618952e-05   1.8384881e-05   1.6134755e-05   1.6157298e-05   1.3084483e-05   1.0422205e-05   9.5522429e-06   6.1676306e-06   6.9183984e-06   3.5340724e-06   3.6135290e-06   2.4304070e-06   4.0091309e-06   2.4341946e-06   4.2168376e-06   2.6235699e-06   1.6937698e-06   1.3889566e-06   1.2973149e-06   8.3057121e-07   1.1451283e-06   2.8404103e-06   2.0409354e-06   1.6159240e-06   9.5360337e-07   1.0660921e-06   5.6834692e-07   3.5588700e-07   3.0972065e-07   1.9849557e-07   2.0609016e-07   1.4112794e-06   8.2701594e-07   9.4817958e-07   9.3207366e-07   4.5896877e-07   9.0933453e-07   4.3843661e-07   3.6044282e-07   3.2466978e-07   2.5760820e-07   5.6008705e-07   7.2436105e-07   9.4378697e-07   3.8317544e-07   2.7036400e-07   2.2442419e-07   2.4062262e-07   1.6953670e-07   2.1180708e-07   1.7841400e-07   2.0731854e-07   1.9075083e-07   2.5367642e-07   4.4805282e-07   2.9450043e-07   3.3411114e-07   7.1356886e-07   4.3206680e-07
   2.2556853e-03   0.0000000e+00   1.8239680e-03   1.2386242e-04   5.4724866e-05   3.7071695e-05   3.5925009e-05   2.1903838e-05   1.3726802e-05   1.1509879e-05   1.3170972e-05   6.4817290e-06   5.9808266e-06   4.8414855e-06   3.2020791e-06   3.5921761e-06   3.4120189e-06   2.9963508e-06   2.0671356e-06   1.7028521e-06   1.4366683e-06   1.4547316e-06   1.3439302e-06   1.6489400e-06   1.8519872e-06   1.9623235e-06   1.0115913e-06   8.6990703e-07   8.2560050e-07   4.1841238e-07   3.0085872e-07   2.8010566e-07   1.1600716e-07   1.6666599e-07   1.2804831e-06   6.6378725e-07   6.9114797e-07   8.7618418e-07   3.7288621e-07   4.4233386e-07   3.1043919e-07   3.9536606e-07   1.7769361e-07   2.7337919e-07   2.4219107e-07   6.2525376e-07   8.0631752e-07   2.5993778e-07   2.9948920e-07   2.7784967e-07   2.8136005e-07   1.2076877e-07   1.1435028e-07   2.1356416e-07   1.9617493e-07   1.6284209e-07   2.4913080e-07   2.2905258e-07   2.9252241e-07   2.9685123e-07   2.8349710e-07   4.1346944e-07
   1.3241212e-04   1.8239680e-03   0.0000000e+00   2.1032623e-03   1.5710811e-04   5.9924334e-05   3.8098709e-05   2.7688337e-05   1.7529805e-05   1.6782121e-05   1.1721602e-05   7.7201615e-06   5.7314685e-06   4.9522086e-06   5.2746390e-06   5.2558256e-06   2.9066783e-06   2.7445683e-06   2.8391310e-06   1.8033211e-06   1.3568619e-06   1.4758947e-06   1.2522107e-06   1.3513525e-06   2.1949416e-06   1.9458403e-06   7.3894439e-07   8.4904216e-07   7.4267202e-07   2.2110192e-07   3.0052898e-07   1.9927386e-07   9.6541003e-08   1.2007567e-07   1.5707623e-06   7.9539897e-07   7.4070529e-07   5.9291590e-07   2.0712887e-07   3.0875386e-07   2.8757491e-07   2.6423436e-07   1.9866059e-07   2.7520495e-07   2.8099219e-07   7.3388662e-07   4.6786737e-07   2.7990667e-07   2.4419848e-07   1.9492297e-07   2.6602712e-07   1.5719189e-07   2.2267112e-07   1.8799286e-07   1.5441833e-07   1.9696510e-07   2.1145355e-07   2.7750404e-07   2.7638989e-07   2.6259603e-07   3.1905696e-07   4.3836029e-07
   5.6618952e-05   1.2386242e-04   2.1032623e-03   0.0000000e+00   2.0838362e-03   2.3927290e-04   7.1168430e-05   6.0225574e-05   4.0485807e-05   3.5333034e-05   1.8311133e-05   1.2523554e-05   5.7358935e-06   5.8431726e-06   6.5149990e-06   5.8345779e-06   4.6271006e-06   3.5385970e-06   2.5101824e-06   2.6968491e-06   1.5050861e-06   1.3464749e-06   1.0677194e-06   1.4767963e-06   1.6904041e-06   1.3912231e-06   9.1465477e-07   7.9127911e-07   1.2715627e-06   4.2615213e-07   3.7105484e-07   1.5605636e-07   1.4407076e-07   1.2776041e-07   1.1533612e-06   1.1301677e-06   5.8814502e-07   3.9185010e-07   3.4613113e-07   2.5599487e-07   1.3934967e-07   2.8069598e-07   2.2009741e-07   1.6457949e-07   2.2576752e-07   4.3666554e-07   3.8635810e-07   1.1261854e-07   1.8918152e-07   1.9486621e-07   2.0844487e-07   1.6021653e-07   1.3133722e-07   1.4191236e-07   1.2559444e-07   1.4286231e-07   1.7690636e-07   2.8826452e-07   1.5270066e-07   1.8801398e-07   2.3024588e-07   1.6279691e-07
   1.8384881e-05   5.4724866e-05   1.5710811e-04   2.0838362e-03   0.0000000e+00   3.7706920e-03   2.8724974e-04   1.0199194e-04   4.9376086e-05   2.9527996e-05   1.8549041e-05   1.1644641e-05   9.1379511e-06   5.9225444e-06   4.0802898e-06   7.1805859e-06   3.9570585e-06   3.8426317e-06   1.7847801e-06   2.0475287e-06   1.3261429e-06   1.2233459e-06   1.2434924e-06   1.0975517e-06   1.4634589e-06   1.1755981e-06   1.0350322e-06   1.0438152e-06   1.1844282e-06   3.7843128e-07   5.6134584e-07   2.2300439e-07   2.2590583e-07   1.3560971e-07   1.0306098e-06   1.3777083e-06   6.3194916e-07   6.4279108e-07   3.2350798e-07   3.1194964e-07   2.5591124e-07   1.8346464e-07   2.5867321e-07   2.1255255e-07   1.5857405e-07   3.3480690e-07   4.0254419e-07   1.2391276e-07   2.2098860e-07   2.2692565e-07   1.3718970e-07   1.3836345e-07   1.3691492e-07   1.7830164e-07   1.4137359e-07   1.1011457e-07   1.8577323e-07   1.8880349e-07   1.7174813e-07   1.6223736e-07   1.8526837e-07   1.8067633e-07
   1.6134755e-05   3.7071695e-05   5.9924334e-05   2.3927290e-04   3.7706920e-03   0.0000000e+00   2.2892163e-03   2.0775600e-04   1.1173765e-04   5.1986056e-05   3.8748600e-05   1.1497590e-05   9.6139676e-06   8.9048467e-06   8.2271579e-06   8.8134959e-06   4.8704586e-06   3.8491526e-06   1.9644558e-06   2.4502160e-06   1.3137218e-06   1.1051826e-06   1.2849114e-06   7.7351141e-07   1.4760538e-06   1.6143990e-06   9.9992124e-07   1.1428378e-06   1.3755507e-06   4.5421413e-07   4.8123447e-07   1.6406252e-07   1.2715281e-07   1.1796468e-07   8.7789222e-07   1.3939482e-06   7.3787358e-07   3.7010620e-07   1.9428817e-07   3.9017723e-07   2.8286487e-07   2.1003527e-07   2.3651919e-07   1.6026496e-07   2.4776102e-07   3.1321926e-07   2.8451631e-07   1.9946131e-07   1.6915144e-07   1.3382587e-07   1.2007707e-07   1.2096662e-07   1.4545402e-07   1.4896721e-07   1.3224017e-07   1.7195898e-07   1.8272872e-07   2.1081719e-07   1.8089021e-07   1.9951729e-07   1.6993754e-07   1.5562295e-07
   1.6157298e-05   3.5925009e-05   3.8098709e-05   7.1168430e-05   2.8724974e-04   2.2892163e-03   0.0000000e+00   3.3500708e-03   3.2504758e-04   9.1735805e-05   6.3524708e-05   2.8641292e-05   1.0606616e-05   1.0376798e-05   1.0893648e-05   8.0842793e-06   6.1386279e-06   4.7131961e-06   2.2719804e-06   1.6846453e-06   1.6489446e-06   1.3025154e-06   1.3406500e-06   1.5477124e-06   1.8193909e-06   1.7027794e-06   1.0663663e-06   1.1470385e-06   1.5045522e-06   5.9456852e-07   5.5670309e-07   2.4948847e-07   2.3423309e-07   1.7488504e-07   1.3399639e-06   1.5220294e-06   1.0636526e-06   5.1707083e-07   2.3663343e-07   3.5393997e-07   2.6842065e-07   2.8464262e-07   1.8388175e-07   1.9512745e-07   2.5626424e-07   4.7031432e-07   3.5223424e-07   1.8720096e-07   2.2606315e-07   1.6425297e-07   2.6181851e-07   1.3294305e-07   1.4175301e-07   2.0537263e-07   1.9780442e-07   1.7869291e-07   2.6755164e-07   2.5066129e-07   2.3344623e-07   2.0917654e-07   3.0581901e-07   1.7587253e-07
   1.3084483e-05   2.1903838e-05   2.7688337e-05   6.0225574e-05   1.0199194e-04   2.0775600e-04   3.3500708e-03   0.0000000e+00   5.9598723e-03   2.1217093e-04   8.8933378e-05   7.3158831e-05   2.8549434e-05   2.4861528e-05   1.9964926e-05   1.1421219e-05   8.3640563e-06   6.6710977e-06   2.3834674e-06   2.2107524e-06   1.7354978e-06   1.6707737e-06   1.6222911e-06   1.6261158e-06   2.3377589e-06   1.9770710e-06   1.5999324e-06   1.4217871e-06   2.6172738e-06   5.4683570e-07   7.4727211e-07   3.2338646e-07   1.2745338e-07   1.0428567e-07   1.3623094e-06   1.1246593e-06   6.0116661e-07   5.5024280e-07   2.5637269e-07   2.5459056e-07   3.2241466e-07   3.3296073e-07   2.6348577e-07   2.4281644e-07   3.9755582e-07   5.5558597e-07   4.6436511e-07   2.0959383e-07   4.1344133e-07   2.5131437e-07   2.2865255e-07   1.7349167e-07   1.5073204e-07   1.7793458e-07   1.7611460e-07   1.8321768e-07   2.1576299e-07   2.5784041e-07   2.5780256e-07   1.8576945e-07   2.5317361e-07   1.4009807e-07
   1.0422205e-05   1.3726802e-05   1.7529805e-05   4.0485807e-05   4.9376086e-05   1.1173765e-04   3.2504758e-04   5.9598723e-03   0.0000000e+00   2.9711493e-03   3.1490567e-04   9.4530660e-05   4.8599376e-05   2.4384282e-05   1.8342931e-05   9.9301309e-06   7.7228274e-06   5.5343622e-06   4.5210651e-06   2.8122463e-06   1.9904210e-06   1.7035920e-06   2.1956089e-06   1.3594444e-06   1.9258007e-06   2.3157735e-06   1.1964359e-06   1.6032669e-06   1.4189659e-06   5.4271812e-07   6.0647891e-07   2.8457452e-07   1.9866719e-07   1.6373289e-07   1.4432299e-06   1.5385713e-06   7.9908655e-07   4.1198695e-07   2.3590145e-07   2.0503394e-07   1.6887099e-07   3.8622104e-07   2.2313452e-07   1.7798960e-07   2.8961687e-07   7.3186047e-07   2.2644937e-07   1.6531364e-07   2.4479808e-07   2.0047065e-07   1.9108302e-07   1.2465931e-07   1.3326440e-07   1.9959958e-07   1.6641864e-07   2.2011097e-07   2.0767926e-07   2.0110988e-07   3.5147180e-07   2.6461603e-07   2.4533125e-07   1.9178097e-07
   9.5522429e-06   1.1509879e-05   1.6782121e-05   3.5333034e-05   2.9527996e-05   5.1986056e-05   9.1735805e-05   2.1217093e-04   2.9711493e-03   0.0000000e+00   1.9497552e-03   3.7438359e-04   7.6681913e-05   5.0240717e-05   3.3874984e-05   2.0610249e-05   1.1164009e-05   5.6348506e-06   5.0019168e-06   3.5043570e-06   3.1562393e-06   2.4665427e-06   1.8534020e-06   2.1825663e-06   1.5519478e-06   1.4272360e-06   1.3961978e-06   1.2578772e-06   1.1813459e-06   6.6704375e-07   7.2082179e-07   2.2829047e-07   1.8017707e-07   1.5532471e-07   1.1865607e-06   1.0847235e-06   1.0737926e-06   4.5724934e-07   2.4730914e-07   2.6865115e-07   3.0035834e-07   1.9899177e-07   1.6715165e-07   2.0961621e-07   2.5465955e-07   5.5512154e-07   2.1948954e-07   1.8230357e-07   1.9820661e-07   2.3451160e-07   2.2449510e-07   1.4605914e-07   1.3806697e-07   2.2214354e-07   1.6935403e-07   1.7328721e-07   2.5487968e-07   1.5787826e-07   1.7412290e-07   1.2695432e-07   2.3980228e-07   2.7578965e-07
   6.1676306e-06   1.3170972e-05   1.1721602e-05   1.8311133e-05   1.8549041e-05   3.8748600e-05   6.3524708e-05   8.8933378e-05   3.1490567e-04   1.9497552e-03   0.0000000e+00   5.3365421e-03   3.0407938e-04   7.5707938e-05   3.4662295e-05   2.7383034e-05   1.1847531e-05   1.0448699e-05   3.8465861e-06   3.7889025e-06   3.6182205e-06   2.9369463e-06   3.4059235e-06   2.4743684e-06   2.5945653e-06   2.4735894e-06   1.4376162e-06   1.4238432e-06   2.0751474e-06   6.9560992e-07   7.3725192e-07   1.8629216e-07   1.3489557e-07   1.5543405e-07   1.3214282e-06   8.1305687e-07   8.0256779e-07   3.1699018e-07   3.9275790e-07   5.1533089e-07   2.3221589e-07   3.0660654e-07   2.1956685e-07   2.0330434e-07   3.2197708e-07   7.0475373e-07   3.9870586e-07   2.5369127e-07   2.7137084e-07   1.9101688e-07   1.4350343e-07   1.6008376e-07   2.7294783e-07   1.9408615e-07   2.1291745e-07   1.7208008e-07   2.2278106e-07   2.7627011e-07   1.7505064e-07   1.6388466e-07   2.5201175e-07   3.3351692e-07
   6.9183984e-06   6.4817290e-06   7.7201615e-06   1.2523554e-05   1.1644641e-05   1.1497590e-05   2.8641292e-05   7.3158831e-05   9.4530660e-05   3.7438359e-04   5.3365421e-03   0.0000000e+00   3.3481906e-03   4.1131562e-04   1.8467777e-04   4.9151578e-05   2.4163915e-05   9.0503227e-06   5.4689170e-06   4.3765134e-06   2.8218685e-06   3.2111536e-06   3.0412788e-06   1.9047376e-06   2.7022774e-06   2.4485254e-06   1.9888325e-06   2.0168898e-06   2.0652976e-06   7.0104696e-07   7.7103117e-07   2.1511301e-07   1.0598026e-07   1.1309472e-07   1.2053045e-06   1.0479001e-06   5.9722931e-07   3.6539861e-07   2.3383480e-07   4.0939631e-07   1.9506493e-07   3.8055311e-07   2.4566772e-07   2.8115677e-07   2.8151198e-07   7.0185432e-07   3.4266174e-07   3.9240989e-07   2.8235046e-07   2.9649621e-07   2.8417841e-07   1.6272433e-07   1.9840593e-07   2.4302790e-07   2.0221951e-07   2.5925459e-07   3.7142931e-07   3.4080102e-07   2.3842077e-07   1.7522209e-07   1.9440870e-07   3.7502341e-07
   3.5340724e-06   5.9808266e-06   5.7314685e-06   5.7358935e-06   9.1379511e-06   9.6139676e-06   1.0606616e-05   2.8549434e-05   4.8599376e-05   7.6681913e-05   3.0407938e-04   3.3481906e-03   0.0000000e+00   3.6231915e-03   3.4294256e-04   9.9985021e-05   3.2550171e-05   1.3268967e-05   5.5573269e-06   3.8188117e-06   3.7723198e-06   2.9136044e-06   2.7778477e-06   3.3698761e-06   2.2894465e-06   1.7761717e-06   3.3593809e-06   1.6231422e-06   2.3233562e-06   7.9793483e-07   6.1671791e-07   3.7687079e-07   1.7709441e-07   1.5418085e-07   1.3566299e-06   1.1056402e-06   4.8478087e-07   3.0250642e-07   2.2734920e-07   4.2671851e-07   2.2209219e-07   4.7486913e-07   2.7719562e-07   2.2441482e-07   3.3751072e-07   5.3899179e-07   3.8380169e-07   3.2277559e-07   3.4615207e-07   2.5079020e-07   2.3222468e-07   1.6047309e-07   1.6334306e-07   2.2177394e-07   1.7205621e-07   1.6850224e-07   2.2392382e-07   2.7944185e-07   2.7682981e-07   1.5745129e-07   2.0744791e-07   3.4754246e-07
   3.6135290e-06   4.8414855e-06   4.9522086e-06   5.8431726e-06   5.9225444e-06   8.9048467e-06   1.0376798e-05   2.4861528e-05   2.4384282e-05   5.0240717e-05   7.5707938e-05   4.1131562e-04   3.6231915e-03   0.0000000e+00   2.7741813e-03   2.2695586e-04   5.7945519e-05   1.6034189e-05   6.1075131e-06   5.2600667e-06   4.1424795e-06   3.9617764e-06   3.4692655e-06   2.5613288e-06   2.3466579e-06   2.9465469e-06   3.3852572e-06   1.8301082e-06   2.0883764e-06   8.4039565e-07   8.5591076e-07   2.1441455e-07   1.2580462e-07   1.0585754e-07   1.0698514e-06   8.5208912e-07   4.1043678e-07   2.7519906e-07   2.7053598e-07   2.9599371e-07   2.4767841e-07   3.3672450e-07   1.9999170e-07   1.8593110e-07   4.6201181e-07   7.6534238e-07   3.9012632e-07   4.0177082e-07   2.6675712e-07   3.3665118e-07   2.3593499e-07   2.3725485e-07   2.1184045e-07   2.3226268e-07   1.9775053e-07   2.1231298e-07   2.7789812e-07   2.6795755e-07   2.3841423e-07   1.8850722e-07   2.2762024e-07   4.4111539e-07
   2.4304070e-06   3.2020791e-06   5.2746390e-06   6.5149990e-06   4.0802898e-06   8.2271579e-06   1.0893648e-05   1.9964926e-05   1.8342931e-05   3.3874984e-05   3.4662295e-05   1.8467777e-04   3.4294256e-04   2.7741813e-03   0.0000000e+00   2.7571562e-03   1.2392439e-04   2.3461886e-05   6.3376341e-06   7.4590181e-06   4.1583103e-06   4.9663585e-06   4.3166855e-06   2.9240853e-06   2.5873870e-06   4.1788063e-06   3.2678541e-06   2.4269000e-06   2.7306227e-06   9.4142087e-07   8.0926670e-07   2.4465517e-07   9.9730732e-08   1.3971284e-07   7.6532862e-07   8.1367121e-07   4.4620867e-07   3.7268406e-07   1.9272485e-07   2.6536445e-07   2.6814111e-07   2.9666859e-07   1.5499134e-07   2.0071137e-07   2.4328607e-07   6.2844668e-07   2.9095560e-07   4.1279822e-07   2.3532553e-07   1.9221231e-07   1.9714982e-07   1.6219972e-07   1.3784268e-07   1.9327955e-07   1.2324936e-07   1.6955306e-07   1.5020349e-07   1.9296326e-07   1.9553062e-07   1.6321432e-07   1.4935678e-07   2.7652394e-07
   4.0091309e-06   3.5921761e-06   5.2558256e-06   5.8345779e-06   7.1805859e-06   8.8134959e-06   8.0842793e-06   1.1421219e-05   9.9301309e-06   2.0610249e-05   2.7383034e-05   4.9151578e-05   9.9985021e-05   2.2695586e-04   2.7571562e-03   0.0000000e+00   1.2680296e-03   4.5969679e-05   1.4430281e-05   1.2660651e-05   1.0354886e-05   8.0184783e-06   7.5485663e-06   4.9438022e-06   3.8485854e-06   2.8913962e-06   4.2837622e-06   3.3093195e-06   3.7906144e-06   8.4681244e-07   1.1452176e-06   5.5679289e-07   2.4101702e-07   2.5725161e-07   1.6103319e-06   1.7965643e-06   1.0572890e-06   3.4875050e-07   4.3748287e-07   2.4906925e-07   2.6492422e-07   3.0409304e-07   1.7849051e-07   2.2559074e-07   2.9236034e-07   5.6259011e-07   4.5032514e-07   2.8605836e-07   2.4254045e-07   1.7939079e-07   1.7344626e-07   2.9484388e-07   1.8677894e-07   2.2970570e-07   1.7800225e-07   1.7488085e-07   2.2673695e-07   2.2730487e-07   3.1946036e-07   2.0195437e-07   1.7923923e-07   2.6047901e-07
   2.4341946e-06   3.4120189e-06   2.9066783e-06   4.6271006e-06   3.9570585e-06   4.8704586e-06   6.1386279e-06   8.3640563e-06   7.7228274e-06   1.1164009e-05   1.1847531e-05   2.4163915e-05   3.2550171e-05   5.7945519e-05   1.2392439e-04   1.2680296e-03   0.0000000e+00   1.1530916e-03   2.5830453e-05   2.0552154e-05   1.2438463e-05   1.4514940e-05   9.9247927e-06   8.2422621e-06   9.7570004e-06   3.9968667e-06   3.6310282e-06   7.7112563e-06   5.0485317e-06   1.1319015e-06   1.5862222e-06   3.3012959e-07   2.5340663e-07   2.0660530e-07   1.4393283e-06   3.4587711e-06   1.7962403e-06   6.8420833e-07   3.2096251e-07   3.8816145e-07   4.0453116e-07   3.0408557e-07   2.2077846e-07   2.6019136e-07   3.3314040e-07   5.5975127e-07   5.3761951e-07   2.0242335e-07   3.5903981e-07   2.3370258e-07   2.1679932e-07   1.9330857e-07   2.6756368e-07   1.9502764e-07   1.5854413e-07   1.4729558e-07   2.3873337e-07   3.0899197e-07   2.4229729e-07   3.9347090e-07   2.4623623e-07   4.6728251e-07
   4.2168376e-06   2.9963508e-06   2.7445683e-06   3.5385970e-06   3.8426317e-06   3.8491526e-06   4.7131961e-06   6.6710977e-06   5.5343622e-06   5.6348506e-06   1.0448699e-05   9.0503227e-06   1.3268967e-05   1.6034189e-05   2.3461886e-05   4.5969679e-05   1.1530916e-03   0.0000000e+00   7.5367348e-04   1.3472225e-04   3.2762120e-05   1.9414506e-05   1.3542425e-05   1.2081468e-05   1.4961129e-05   6.3394245e-06   2.9833743e-06   2.2987402e-06   5.1442275e-06   1.4996816e-06   1.1339764e-06   8.4610182e-07   6.2432602e-07   6.3888146e-07   5.5334170e-06   1.5100246e-05   4.9457941e-06   5.9504216e-06   1.8403916e-06   2.2762044e-06   9.8795000e-07   1.2317137e-06   9.4014898e-07   1.1092002e-06   2.2493582e-06   3.2328377e-06   2.6364621e-06   5.8114097e-07   6.9132244e-07   5.9805880e-07   4.6433864e-07   4.3069697e-07   3.5211919e-07   4.7580465e-07   4.0013781e-07   4.9089006e-07   8.9325917e-07   1.3829539e-06   7.4140493e-07   7.2188788e-07   6.3347021e-07   1.2776190e-06
   2.6235699e-06   2.0671356e-06   2.8391310e-06   2.5101824e-06   1.7847801e-06   1.9644558e-06   2.2719804e-06   2.3834674e-06   4.5210651e-06   5.0019168e-06   3.8465861e-06   5.4689170e-06   5.5573269e-06   6.1075131e-06   6.3376341e-06   1.4430281e-05   2.5830453e-05   7.5367348e-04   0.0000000e+00   1.9835170e-03   1.4112188e-04   7.6518203e-05   2.7803601e-05   2.0080442e-05   1.1342406e-05   9.3895330e-06   6.9435022e-06   3.1745818e-06   3.9759929e-06   2.7434011e-06   1.1598340e-06   1.4909072e-06   6.3036178e-07   4.0862495e-07   4.4768927e-06   3.5386754e-06   1.5352460e-06   1.3678375e-06   1.0205277e-06   7.3698131e-07   4.7552063e-07   8.1599419e-07   5.1760069e-07   5.8162035e-07   6.9411486e-07   1.6382669e-06   3.5660487e-07   6.4336130e-07   4.7116084e-07   3.6640768e-07   2.7466196e-07   2.9652531e-07   2.7848539e-07   3.8465133e-07   3.3809722e-07   4.2709838e-07   4.3826775e-07   6.2532245e-07   4.5093521e-07   5.7099459e-07   6.8135482e-07   1.2991141e-06
   1.6937698e-06   1.7028521e-06   1.8033211e-06   2.6968491e-06   2.0475287e-06   2.4502160e-06   1.6846453e-06   2.2107524e-06   2.8122463e-06   3.5043570e-06   3.7889025e-06   4.3765134e-06   3.8188117e-06   5.2600667e-06   7.4590181e-06   1.2660651e-05   2.0552154e-05   1.3472225e-04   1.9835170e-03   0.0000000e+00   2.2332952e-03   1.9865855e-04   6.3839598e-05   4.8524522e-05   2.1045066e-05   1.1764857e-05   4.9945482e-06   3.6722240e-06   5.4142558e-06   3.2577364e-06   2.2454262e-06   8.5290644e-07   4.2927858e-07   5.6749300e-07   3.4081748e-06   1.5131489e-06   1.3839520e-06   9.6675390e-07   2.0119433e-06   6.0461788e-07   6.2833939e-07   9.4069453e-07   5.0026147e-07   4.4016508e-07   6.4375013e-07   1.1485628e-06   5.4746041e-07   4.8894759e-07   3.3864111e-07   3.8066911e-07   2.3011478e-07   2.9620472e-07   3.9384044e-07   2.7714493e-07   2.7639226e-07   3.7389363e-07   3.5465331e-07   7.2971919e-07   4.6142055e-07   5.3333888e-07   5.0308428e-07   6.6490161e-07
   1.3889566e-06   1.4366683e-06   1.3568619e-06   1.5050861e-06   1.3261429e-06   1.3137218e-06   1.6489446e-06   1.7354978e-06   1.9904210e-06   3.1562393e-06   3.6182205e-06   2.8218685e-06   3.7723198e-06   4.1424795e-06   4.1583103e-06   1.0354886e-05   1.2438463e-05   3.2762120e-05   1.4112188e-04   2.2332952e-03   0.0000000e+00   1.5791002e-03   2.1245658e-04   7.5327766e-05   1.5827257e-05   1.3312168e-05   5.0053716e-06   3.7659248e-06   4.5850415e-06   3.0289833e-06   2.4733687e-06   5.5711009e-07   2.9187782e-07   2.3768225e-07   2.0485781e-06   1.2112830e-06   1.2350879e-06   6.2732077e-07   1.0453268e-06   7.1822718e-07   5.5114042e-07   4.3463445e-07   5.0632498e-07   6.6485269e-07   8.9341668e-07   1.0691814e-06   3.4606214e-07   2.2374550e-07   3.0546981e-07   3.0073240e-07   3.0834592e-07   2.4964125e-07   1.8973911e-07   3.1475614e-07   1.8453027e-07   2.0088362e-07   2.6196688e-07   3.5158787e-07   3.4374709e-07   4.6477755e-07   8.7152178e-07   2.3636730e-06
   1.2973149e-06   1.4547316e-06   1.4758947e-06   1.3464749e-06   1.2233459e-06   1.1051826e-06   1.3025154e-06   1.6707737e-06   1.7035920e-06   2.4665427e-06   2.9369463e-06   3.2111536e-06   2.9136044e-06   3.9617764e-06   4.9663585e-06   8.0184783e-06   1.4514940e-05   1.9414506e-05   7.6518203e-05   1.9865855e-04   1.5791002e-03   0.0000000e+00   3.1700264e-03   1.9598477e-04   3.2561725e-05   2.3722770e-05   5.0424072e-06   3.2736920e-06   3.7095481e-06   1.9037710e-06   1.9523561e-06   3.6795840e-07   2.7523667e-07   2.9951130e-07   1.5080910e-06   2.3442579e-06   5.7185247e-07   6.4275209e-07   6.4800929e-07   7.0915123e-07   3.5092567e-07   3.9117221e-07   3.8399816e-07   5.2054534e-07   5.5004326e-07   6.3323867e-07   3.1221994e-07   2.5789625e-07   1.7138499e-07   2.3228036e-07   2.0818601e-07   1.6175378e-07   1.5720320e-07   2.4780538e-07   1.9075305e-07   2.4149368e-07   1.8195395e-07   2.6756015e-07   2.7307384e-07   2.9005635e-07   5.2882993e-07   8.0608221e-07
   8.3057121e-07   1.3439302e-06   1.2522107e-06   1.0677194e-06   1.2434924e-06   1.2849114e-06   1.3406500e-06   1.6222911e-06   2.1956089e-06   1.8534020e-06   3.4059235e-06   3.0412788e-06   2.7778477e-06   3.4692655e-06   4.3166855e-06   7.5485663e-06   9.9247927e-06   1.3542425e-05   2.7803601e-05   6.3839598e-05   2.1245658e-04   3.1700264e-03   0.0000000e+00   2.5412460e-03   1.1715583e-04   3.0794468e-05   4.4977662e-06   3.8329194e-06   3.2492641e-06   3.0096599e-06   2.0532854e-06   1.3681699e-07   1.6350912e-07   1.8562984e-07   9.9225980e-07   1.0463243e-06   4.6033407e-07   3.9935783e-07   2.6494554e-07   3.2396382e-07   3.3332095e-07   3.7042955e-07   2.2141084e-07   2.9343249e-07   2.8666996e-07   5.9121826e-07   4.7506808e-07   2.4180586e-07   2.5340590e-07   1.9518370e-07   1.4881923e-07   1.3501596e-07   1.4737269e-07   1.7228675e-07   1.5200456e-07   2.0524726e-07   2.3131292e-07   2.3120363e-07   1.9928805e-07   3.7223061e-07   6.5138437e-07   1.3256029e-06
   1.1451283e-06   1.6489400e-06   1.3513525e-06   1.4767963e-06   1.0975517e-06   7.7351141e-07   1.5477124e-06   1.6261158e-06   1.3594444e-06   2.1825663e-06   2.4743684e-06   1.9047376e-06   3.3698761e-06   2.5613288e-06   2.9240853e-06   4.9438022e-06   8.2422621e-06   1.2081468e-05   2.0080442e-05   4.8524522e-05   7.5327766e-05   1.9598477e-04   2.5412460e-03   0.0000000e+00   5.9105611e-04   5.0440516e-05   5.3626397e-06   6.3682392e-06   6.2799639e-06   2.6578291e-06   4.3360527e-06   7.1972470e-07   3.2987024e-07   2.8379235e-07   2.0603075e-06   2.0491762e-06   1.4885647e-06   1.0972649e-06   1.7395837e-06   1.3973384e-06   6.3111155e-07   1.3203119e-06   1.0546826e-06   5.0165353e-07   9.3188547e-07   1.1184105e-06   7.1089909e-07   3.9241575e-07   4.6894364e-07   2.9762926e-07   3.0822380e-07   2.2025856e-07   2.6188327e-07   3.3103265e-07   2.6824175e-07   3.9805102e-07   6.0932374e-07   4.2093674e-07   4.1773537e-07   5.1631106e-07   9.0892493e-07   1.3767577e-06
   2.8404103e-06   1.8519872e-06   2.1949416e-06   1.6904041e-06   1.4634589e-06   1.4760538e-06   1.8193909e-06   2.3377589e-06   1.9258007e-06   1.5519478e-06   2.5945653e-06   2.7022774e-06   2.2894465e-06   2.3466579e-06   2.5873870e-06   3.8485854e-06   9.7570004e-06   1.4961129e-05   1.1342406e-05   2.1045066e-05   1.5827257e-05   3.2561725e-05   1.1715583e-04   5.9105611e-04   0.0000000e+00   5.5898262e-04   2.3885894e-05   9.9839312e-06   3.2763418e-06   1.6598172e-06   2.5402137e-06   1.3105579e-06   8.9294428e-07   6.9186607e-07   1.2051496e-05   4.7377084e-06   3.3241692e-06   3.3080054e-06   1.5420210e-06   1.4662383e-06   1.2775255e-06   1.7015255e-06   1.5306314e-06   1.0906980e-06   2.8531246e-06   3.6059761e-06   2.4115668e-06   1.7429957e-06   1.7120249e-06   1.3286538e-06   8.1921123e-07   5.1961899e-07   5.0285298e-07   7.6850933e-07   9.2952783e-07   6.1008341e-07   1.0601094e-06   1.2534796e-06   1.2100444e-06   1.5151538e-06   1.3407995e-06   1.9869951e-06
   2.0409354e-06   1.9623235e-06   1.9458403e-06   1.3912231e-06   1.1755981e-06   1.6143990e-06   1.7027794e-06   1.9770710e-06   2.3157735e-06   1.4272360e-06   2.4735894e-06   2.4485254e-06   1.7761717e-06   2.9465469e-06   4.1788063e-06   2.8913962e-06   3.9968667e-06   6.3394245e-06   9.3895330e-06   1.1764857e-05   1.3312168e-05   2.3722770e-05   3.0794468e-05   5.0440516e-05   5.5898262e-04   0.0000000e+00   5.3519645e-04   8.0932061e-05   1.3359979e-05   5.3212044e-06   3.9006266e-06   1.5795789e-06   6.0333638e-07   4.7646215e-07   7.3594421e-06   5.0408204e-06   5.3999670e-06   2.0033388e-06   1.7310455e-06   2.2522095e-06   1.2542208e-06   1.1446621e-06   5.1333234e-07   1.3456370e-06   8.6310360e-07   3.6896187e-06   1.9686481e-06   7.7809975e-07   7.6222994e-07   9.5491642e-07   8.7174429e-07   7.8651469e-07   5.6399173e-07   7.0372770e-07   7.9932114e-07   9.5759128e-07   7.7678077e-07   9.3961542e-07   8.1053620e-07   1.6816802e-06   1.4293788e-06   2.2426193e-06
   1.6159240e-06   1.0115913e-06   7.3894439e-07   9.1465477e-07   1.0350322e-06   9.9992124e-07   1.0663663e-06   1.5999324e-06   1.1964359e-06   1.3961978e-06   1.4376162e-06   1.9888325e-06   3.3593809e-06   3.3852572e-06   3.2678541e-06   4.2837622e-06   3.6310282e-06   2.9833743e-06   6.9435022e-06   4.9945482e-06   5.0053716e-06   5.0424072e-06   4.4977662e-06   5.3626397e-06   2.3885894e-05   5.3519645e-04   0.0000000e+00   1.4316840e-03   5.4236304e-05   1.1449829e-05   4.8806629e-06   2.1798219e-06   5.6869861e-07   5.0679876e-07   3.4678676e-06   3.2558984e-06   6.4659370e-07   6.9055200e-07   4.6246068e-07   9.4062614e-07   3.5397209e-07   4.8663872e-07   2.9369550e-07   4.4002985e-07   4.8315708e-07   1.2085624e-06   4.9934543e-07   6.7862035e-07   5.6377140e-07   4.2486158e-07   3.7302762e-07   4.0835578e-07   6.0755406e-07   6.1943261e-07   3.6357424e-07   8.4676577e-07   5.8846667e-07   5.9830220e-07   8.1796617e-07   1.4627868e-06   8.5930804e-07   7.7920277e-07
   9.5360337e-07   8.6990703e-07   8.4904216e-07   7.9127911e-07   1.0438152e-06   1.1428378e-06   1.1470385e-06   1.4217871e-06   1.6032669e-06   1.2578772e-06   1.4238432e-06   2.0168898e-06   1.6231422e-06   1.8301082e-06   2.4269000e-06   3.3093195e-06   7.7112563e-06   2.2987402e-06   3.1745818e-06   3.6722240e-06   3.7659248e-06   3.2736920e-06   3.8329194e-06   6.3682392e-06   9.9839312e-06   8.0932061e-05   1.4316840e-03   0.0000000e+00   1.0833003e-03   1.2537277e-05   1.1958812e-05   8.7152365e-07   3.4454191e-07   3.2987424e-07   2.6087061e-06   2.4555664e-06   9.7361469e-07   1.6154284e-06   6.2106014e-07   5.6224298e-07   4.1279054e-07   5.9429496e-07   3.9685627e-07   3.5132023e-07   1.1555203e-06   1.3177652e-06   5.4127978e-07   2.5554779e-07   7.1640979e-07   6.0655404e-07   1.0585268e-06   7.7835525e-07   4.4039652e-07   5.3471102e-07   4.4355778e-07   3.9501082e-07   5.1103017e-07   7.4286686e-07   8.9195244e-07   7.9247055e-07   6.5111919e-07   7.4097612e-07
   1.0660921e-06   8.2560050e-07   7.4267202e-07   1.2715627e-06   1.1844282e-06   1.3755507e-06   1.5045522e-06   2.6172738e-06   1.4189659e-06   1.1813459e-06   2.0751474e-06   2.0652976e-06   2.3233562e-06   2.0883764e-06   2.7306227e-06   3.7906144e-06   5.0485317e-06   5.1442275e-06   3.9759929e-06   5.4142558e-06   4.5850415e-06   3.7095481e-06   3.2492641e-06   6.2799639e-06   3.2763418e-06   1.3359979e-05   5.4236304e-05   1.0833003e-03   0.0000000e+00   1.6872977e-04   2.2482130e-05   1.6430549e-06   9.2607343e-07   4.8115012e-07   7.0716322e-06   5.3781386e-06   1.9524814e-06   1.2427364e-06   1.1607647e-06   8.8890328e-07   1.0707937e-06   1.3481008e-06   8.9721838e-07   9.4690599e-07   9.9184324e-07   1.7976803e-06   1.2671493e-06   7.3136925e-07   9.8303128e-07   1.3616234e-06   6.0476204e-07   1.0128387e-06   7.5511388e-07   9.1937323e-07   7.9591421e-07   7.6304261e-07   1.3706131e-06   1.0026490e-06   6.9422105e-07   1.5503209e-06   2.8920793e-06   1.2782710e-06
   5.6834692e-07   4.1841238e-07   2.2110192e-07   4.2615213e-07   3.7843128e-07   4.5421413e-07   5.9456852e-07   5.4683570e-07   5.4271812e-07   6.6704375e-07   6.9560992e-07   7.0104696e-07   7.9793483e-07   8.4039565e-07   9.4142087e-07   8.4681244e-07   1.1319015e-06   1.4996816e-06   2.7434011e-06   3.2577364e-06   3.0289833e-06   1.9037710e-06   3.0096599e-06   2.6578291e-06   1.6598172e-06   5.3212044e-06   1.1449829e-05   1.2537277e-05   1.6872977e-04   0.0000000e+00   1.2670959e-03   2.5509503e-07   1.7288720e-07   1.1411869e-07   1.4663043e-06   4.8809036e-07   3.4971608e-07   1.8127017e-07   3.3639036e-07   2.6475321e-07   2.4520953e-07   2.9199042e-07   1.9843526e-07   1.5594268e-07   2.0984482e-07   5.2595199e-07   2.2758617e-07   1.4513707e-07   1.8877437e-07   2.4940416e-07   1.6103573e-07   1.4921438e-07   2.5218695e-07   2.1275456e-07   1.8203422e-07   1.5561621e-07   2.5107055e-07   1.5760587e-07   1.3211313e-07   2.0901264e-07   2.1871678e-07   2.4263140e-07
   3.5588700e-07   3.0085872e-07   3.0052898e-07   3.7105484e-07   5.6134584e-07   4.8123447e-07   5.5670309e-07   7.4727211e-07   6.0647891e-07   7.2082179e-07   7.3725192e-07   7.7103117e-07   6.1671791e-07   8.5591076e-07   8.0926670e-07   1.1452176e-06   1.5862222e-06   1.1339764e-06   1.1598340e-06   2.2454262e-06   2.4733687e-06   1.9523561e-06   2.0532854e-06   4.3360527e-06   2.5402137e-06   3.9006266e-06   4.8806629e-06   1.1958812e-05   2.2482130e-05   1.2670959e-03   0.0000000e+00   3.1143716e-07   1.3725849e-07   1.8684172e-07   1.2155128e-06   5.1067329e-07   3.4439879e-07   2.7150799e-07   3.5669444e-07   3.0557920e-07   2.2431383e-07   2.5525408e-07   2.0105541e-07   3.1817807e-07   1.9254454e-07   4.9642148e-07   2.9176451e-07   1.2548467e-07   2.5091582e-07   3.1379484e-07   3.0221573e-07   3.0036468e-07   1.7134330e-07   1.5664580e-07   1.4069314e-07   2.1184725e-07   2.8727943e-07   3.5989859e-07   1.5527975e-07   2.8735091e-07   2.6229978e-07   2.9915894e-07
   3.0972065e-07   2.8010566e-07   1.9927386e-07   1.5605636e-07   2.2300439e-07   1.6406252e-07   2.4948847e-07   3.2338646e-07   2.8457452e-07   2.2829047e-07   1.8629216e-07   2.1511301e-07   3.7687079e-07   2.1441455e-07   2.4465517e-07   5.5679289e-07   3.3012959e-07   8.4610182e-07   1.4909072e-06   8.5290644e-07   5.5711009e-07   3.6795840e-07   1.3681699e-07   7.1972470e-07   1.3105579e-06   1.5795789e-06   2.1798219e-06   8.7152365e-07   1.6430549e-06   2.5509503e-07   3.1143716e-07   0.0000000e+00   3.1532207e-03   1.2128354e-04   1.4685474e-04   1.7689582e-05   4.4682872e-06   3.1568128e-06   1.8172756e-06   2.1934708e-06   1.1982925e-06   1.5993697e-06   1.9904006e-06   1.3029724e-06   7.4375747e-07   1.2604663e-06   1.8025393e-06   9.3256493e-07   7.9504443e-07   7.5123525e-07   6.7174370e-07   8.3461780e-07   1.0171757e-06   8.9656950e-07   9.8372082e-07   9.9393754e-07   7.6610908e-07   7.1787741e-07   7.6857414e-07   9.2762874e-07   6.5720572e-07   7.1152335e-07
   1.9849557e-07   1.1600716e-07   9.6541003e-08   1.4407076e-07   2.2590583e-07   1.2715281e-07   2.3423309e-07   1.2745338e-07   1.9866719e-07   1.8017707e-07   1.3489557e-07   1.0598026e-07   1.7709441e-07   1.2580462e-07   9.9730732e-08   2.4101702e-07   2.5340663e-07   6.2432602e-07   6.3036178e-07   4.2927858e-07   2.9187782e-07   2.7523667e-07   1.6350912e-07   3.2987024e-07   8.9294428e-07   6.0333638e-07   5.6869861e-07   3.4454191e-07   9.2607343e-07   1.7288720e-07   1.3725849e-07   3.1532207e-03   0.0000000e+00   9.1505720e-04   7.3980012e-05   2.0756773e-05   3.7949661e-06   1.7346294e-06   2.1186691e-06   1.1712013e-06   7.9219413e-07   9.8729850e-07   8.4064360e-07   7.2974612e-07   7.0311272e-07   1.0080108e-06   8.6291676e-07   4.5215322e-07   4.7024474e-07   4.5421251e-07   4.3535384e-07   6.2426456e-07   6.2759892e-07   5.8742024e-07   6.2569612e-07   6.7431129e-07   9.6653071e-07   6.1822298e-07   4.2778040e-07   4.0013843e-07   4.2370440e-07   2.7573925e-07
   2.0609016e-07   1.6666599e-07   1.2007567e-07   1.2776041e-07   1.3560971e-07   1.1796468e-07   1.7488504e-07   1.0428567e-07   1.6373289e-07   1.5532471e-07   1.5543405e-07   1.1309472e-07   1.5418085e-07   1.0585754e-07   1.3971284e-07   2.5725161e-07   2.0660530e-07   6.3888146e-07   4.0862495e-07   5.6749300e-07   2.3768225e-07   2.9951130e-07   1.8562984e-07   2.8379235e-07   6.9186607e-07   4.7646215e-07   5.0679876e-07   3.2987424e-07   4.8115012e-07   1.1411869e-07   1.8684172e-07   1.2128354e-04   9.1505720e-04   0.0000000e+00   2.9821866e-04   9.0419680e-06   3.5396690e-06   2.1090017e-06   1.4033515e-06   1.5280345e-06   1.4061047e-06   1.3299091e-06   8.3653490e-07   8.5525087e-07   6.7874942e-07   6.6177400e-07   6.9560032e-07   3.9360411e-07   4.2912544e-07   4.3890702e-07   4.7464145e-07   4.8991948e-07   5.5068935e-07   7.5853008e-07   6.7474363e-07   6.4628486e-07   6.1925175e-07   5.6759221e-07   5.8692906e-07   4.4475411e-07   4.2347727e-07   2.7016501e-07
   1.4112794e-06   1.2804831e-06   1.5707623e-06   1.1533612e-06   1.0306098e-06   8.7789222e-07   1.3399639e-06   1.3623094e-06   1.4432299e-06   1.1865607e-06   1.3214282e-06   1.2053045e-06   1.3566299e-06   1.0698514e-06   7.6532862e-07   1.6103319e-06   1.4393283e-06   5.5334170e-06   4.4768927e-06   3.4081748e-06   2.0485781e-06   1.5080910e-06   9.9225980e-07   2.0603075e-06   1.2051496e-05   7.3594421e-06   3.4678676e-06   2.6087061e-06   7.0716322e-06   1.4663043e-06   1.2155128e-06   1.4685474e-04   7.3980012e-05   2.9821866e-04   0.0000000e+00   1.4039726e-03   5.3079256e-05   2.1832727e-05   1.0548415e-05   7.5238356e-06   7.0785577e-06   9.7027669e-06   7.2063809e-06   6.8814563e-06   4.2151163e-06   7.9110074e-06   5.1566423e-06   3.0174712e-06   3.8597909e-06   2.7221335e-06   2.5583008e-06   2.8821930e-06   2.1812427e-06   2.1340202e-06   1.8168852e-06   1.6945914e-06   1.9758215e-06   2.1340538e-06   1.7405423e-06   2.7025542e-06   2.7834791e-06   1.8982362e-06
   8.2701594e-07   6.6378725e-07   7.9539897e-07   1.1301677e-06   1.3777083e-06   1.3939482e-06   1.5220294e-06   1.1246593e-06   1.5385713e-06   1.0847235e-06   8.1305687e-07   1.0479001e-06   1.1056402e-06   8.5208912e-07   8.1367121e-07   1.7965643e-06   3.4587711e-06   1.5100246e-05   3.5386754e-06   1.5131489e-06   1.2112830e-06   2.3442579e-06   1.0463243e-06   2.0491762e-06   4.7377084e-06   5.0408204e-06   3.2558984e-06   2.4555664e-06   5.3781386e-06   4.8809036e-07   5.1067329e-07   1.7689582e-05   2.0756773e-05   9.0419680e-06   1.4039726e-03   0.0000000e+00   7.5196247e-04   1.4446296e-04   5.3474302e-05   2.0868636e-05   1.2101039e-05   1.6647455e-05   9.1813892e-06   6.4456954e-06   5.5905200e-06   6.7306785e-06   6.4720725e-06   3.6307593e-06   2.8946001e-06   2.7656571e-06   2.3771454e-06   1.8571540e-06   2.0543905e-06   2.0585764e-06   2.0893808e-06   2.3749089e-06   1.8521531e-06   1.6936356e-06   1.5563702e-06   2.1072880e-06   2.1259367e-06   1.8950684e-06
   9.4817958e-07   6.9114797e-07   7.4070529e-07   5.8814502e-07   6.3194916e-07   7.3787358e-07   1.0636526e-06   6.0116661e-07   7.9908655e-07   1.0737926e-06   8.0256779e-07   5.9722931e-07   4.8478087e-07   4.1043678e-07   4.4620867e-07   1.0572890e-06   1.7962403e-06   4.9457941e-06   1.5352460e-06   1.3839520e-06   1.2350879e-06   5.7185247e-07   4.6033407e-07   1.4885647e-06   3.3241692e-06   5.3999670e-06   6.4659370e-07   9.7361469e-07   1.9524814e-06   3.4971608e-07   3.4439879e-07   4.4682872e-06   3.7949661e-06   3.5396690e-06   5.3079256e-05   7.5196247e-04   0.0000000e+00   2.1931532e-03   1.5685954e-04   4.5897546e-05   3.3964127e-05   1.8235563e-05   1.0427892e-05   9.9095571e-06   5.8932290e-06   8.5186716e-06   8.0833883e-06   4.0158661e-06   2.9726552e-06   2.3756914e-06   2.5806279e-06   2.8406012e-06   2.4684691e-06   1.8576866e-06   1.6733891e-06   1.6522664e-06   1.8235736e-06   2.2637359e-06   2.4625353e-06   1.8848768e-06   2.0116085e-06   2.0935606e-06
   9.3207366e-07   8.7618418e-07   5.9291590e-07   3.9185010e-07   6.4279108e-07   3.7010620e-07   5.1707083e-07   5.5024280e-07   4.1198695e-07   4.5724934e-07   3.1699018e-07   3.6539861e-07   3.0250642e-07   2.7519906e-07   3.7268406e-07   3.4875050e-07   6.8420833e-07   5.9504216e-06   1.3678375e-06   9.6675390e-07   6.2732077e-07   6.4275209e-07   3.9935783e-07   1.0972649e-06   3.3080054e-06   2.0033388e-06   6.9055200e-07   1.6154284e-06   1.2427364e-06   1.8127017e-07   2.7150799e-07   3.1568128e-06   1.7346294e-06   2.1090017e-06   2.1832727e-05   1.4446296e-04   2.1931532e-03   0.0000000e+00   2.5293141e-03   1.1104535e-04   3.4811730e-05   2.2043746e-05   1.2930865e-05   7.9176426e-06   5.9517199e-06   7.7910410e-06   8.5249476e-06   3.9602413e-06   2.7033257e-06   2.6419044e-06   1.9036300e-06   2.2280149e-06   2.8113031e-06   1.8413967e-06   1.8819098e-06   1.7832814e-06   1.9797747e-06   3.4914214e-06   2.0612344e-06   2.9391831e-06   2.7161022e-06   2.0241549e-06
   4.5896877e-07   3.7288621e-07   2.0712887e-07   3.4613113e-07   3.2350798e-07   1.9428817e-07   2.3663343e-07   2.5637269e-07   2.3590145e-07   2.4730914e-07   3.9275790e-07   2.3383480e-07   2.2734920e-07   2.7053598e-07   1.9272485e-07   4.3748287e-07   3.2096251e-07   1.8403916e-06   1.0205277e-06   2.0119433e-06   1.0453268e-06   6.4800929e-07   2.6494554e-07   1.7395837e-06   1.5420210e-06   1.7310455e-06   4.6246068e-07   6.2106014e-07   1.1607647e-06   3.3639036e-07   3.5669444e-07   1.8172756e-06   2.1186691e-06   1.4033515e-06   1.0548415e-05   5.3474302e-05   1.5685954e-04   2.5293141e-03   0.0000000e+00   1.1626337e-03   1.0890130e-04   4.0149558e-05   1.6900970e-05   1.0000218e-05   7.8685159e-06   8.8579761e-06   5.0991701e-06   3.3727770e-06   2.9006181e-06   2.3231954e-06   3.1324815e-06   2.0007401e-06   1.8191982e-06   1.8548923e-06   1.7118165e-06   1.2415541e-06   1.3319831e-06   1.6157363e-06   1.8909072e-06   2.0337453e-06   1.6440173e-06   1.7081284e-06
   9.0933453e-07   4.4233386e-07   3.0875386e-07   2.5599487e-07   3.1194964e-07   3.9017723e-07   3.5393997e-07   2.5459056e-07   2.0503394e-07   2.6865115e-07   5.1533089e-07   4.0939631e-07   4.2671851e-07   2.9599371e-07   2.6536445e-07   2.4906925e-07   3.8816145e-07   2.2762044e-06   7.3698131e-07   6.0461788e-07   7.1822718e-07   7.0915123e-07   3.2396382e-07   1.3973384e-06   1.4662383e-06   2.2522095e-06   9.4062614e-07   5.6224298e-07   8.8890328e-07   2.6475321e-07   3.0557920e-07   2.1934708e-06   1.1712013e-06   1.5280345e-06   7.5238356e-06   2.0868636e-05   4.5897546e-05   1.1104535e-04   1.1626337e-03   0.0000000e+00   1.7057862e-03   1.4956669e-04   4.8963642e-05   1.9847443e-05   1.1440948e-05   1.1687291e-05   9.2698749e-06   5.8755861e-06   3.7575120e-06   3.1123974e-06   3.3142729e-06   2.9915917e-06   1.9634951e-06   1.9983305e-06   1.8061444e-06   1.9749290e-06   1.8639752e-06   2.3081986e-06   2.3294876e-06   2.8130730e-06   1.6401741e-06   1.7478543e-06
