   0.0000000e+00   1.6350553e-03   1.6345565e-04   8.8349861e-05   3.3098478e-05   3.1588077e-05   1.9361393e-05   1.4531621e-05   1.4464118e-05   7.9238006e-06   6.0860457e-06   5.5691599e-06   3.6858750e-06   4.5656736e-06   3.2673348e-06   2.8059431e-06   2.9786895e-06   2.5504782e-06   2.2733602e-06   1.7580086e-06   1.4220458e-06   1.3935816e-06   1.6698147e-06   2.2491510e-06   2.4405853e-06   1.7904048e-06   1.1242075e-06   9.2368505e-07   1.6086413e-06   4.1452391e-07   4.8613753e-07   3.7145385e-07   1.9446791e-07   2.4928572e-07   9.9106861e-07   1.0975220e-06   1.3813281e-06   5.7437731e-07   1.2725642e-06   7.6725566e-07   7.4708679e-07   6.8445073e-07   9.0044181e-07   6.6934861e-07   3.7748707e-07   1.1378547e-06   7.5484713e-07   4.7730894e-07   3.1755456e-07   2.5406880e-07   2.8659690e-07   2.1478230e-07   2.5112100e-07   3.2835531e-07   4.7157014e-07   3.2562025e-07   3.1102926e-07   3.0920926e-07   3.5356385e-07   3.9483404e-07   3.7315709e-07   6.2980609e-07
   1.6350553e-03   0.0000000e+00   2.5762033e-03   2.7544991e-04   1.1398958e-04   4.6848445e-05   3.7619887e-05   2.0552271e-05   1.3462091e-05   8.7185487e-06   9.2715334e-06   6.4102367e-06   5.0315133e-06   3.4017892e-06   4.0958486e-06   3.7545031e-06   2.4748630e-06   1.6858859e-06   2.6552819e-06   1.9876131e-06   1.7132723e-06   1.5339895e-06   1.4395538e-06   1.7965213e-06   1.3041390e-06   1.5404261e-06   1.3234655e-06   7.3196072e-07   5.6895532e-07   3.5996648e-07   3.3735721e-07   2.6078031e-07   1.1205074e-07   1.8321125e-07   7.2262350e-07   9.4339810e-07   1.7619902e-06   7.4522564e-07   4.2136174e-07   7.5102059e-07   6.4101884e-07   8.0736687e-07   6.5885595e-07   5.4223074e-07   3.4833212e-07   7.4243354e-07   1.2214032e-06   2.5947825e-07   2.6054655e-07   2.2286367e-07   1.7977794e-07   1.5096253e-07   1.7043844e-07   1.8676688e-07   2.1679589e-07   2.1118327e-07   1.9904727e-07   2.3128889e-07   2.6714027e-07   2.8127580e-07   2.3392909e-07   3.6188986e-07
   1.6345565e-04   2.5762033e-03   0.0000000e+00   2.7202038e-03   3.0465733e-04   1.1960253e-04   7.3500341e-05   3.0128563e-05   2.3212778e-05   2.4149852e-05   1.4673674e-05   7.6507950e-06   8.4205443e-06   5.2836808e-06   4.1988296e-06   3.0076261e-06   2.6134193e-06   2.2980204e-06   3.1325027e-06   1.9411600e-06   1.9416141e-06   1.9609732e-06   1.4383595e-06   2.2832526e-06   1.6008890e-06   2.5450241e-06   8.8716875e-07   7.8609151e-07   5.2630579e-07   3.2342509e-07   3.1870158e-07   2.8333741e-07   1.8105431e-07   1.8098548e-07   5.7023485e-07   6.9483823e-07   1.4739153e-06   7.3295641e-07   5.4946430e-07   5.7678625e-07   6.2258710e-07   4.6352762e-07   7.4886299e-07   7.0646996e-07   3.0258219e-07   5.9995801e-07   6.6599550e-07   4.5628877e-07   2.8367744e-07   3.5750283e-07   2.9427069e-07   2.1436496e-07   1.9645680e-07   1.6271431e-07   2.3569854e-07   2.4937384e-07   1.9338359e-07   2.5349023e-07   2.4516371e-07   2.2630570e-07   1.8133168e-07   2.6226728e-07
   8.8349861e-05   2.7544991e-04   2.7202038e-03   0.0000000e+00   1.9874661e-03   3.7845288e-04   1.4411154e-04   4.4839670e-05   4.2360435e-05   2.2934148e-05   2.2259495e-05   1.3159119e-05   9.7493784e-06   5.5503576e-06   5.2920430e-06   3.2823852e-06   2.7965060e-06   1.9130803e-06   1.8341021e-06   1.7466668e-06   1.7622761e-06   1.8748773e-06   2.0757861e-06   1.7435449e-06   1.8775732e-06   2.1609459e-06   1.0355890e-06   9.9104747e-07   6.5843049e-07   3.6384659e-07   3.2743673e-07   2.7818533e-07   1.9185387e-07   2.0451290e-07   5.0998076e-07   6.9670647e-07   1.1511255e-06   7.5822458e-07   3.9168229e-07   5.3902462e-07   5.7585044e-07   4.8494621e-07   4.8725123e-07   3.0022033e-07   4.8390979e-07   6.4621215e-07   4.8307207e-07   6.9870728e-07   2.7397713e-07   3.5085269e-07   2.3372480e-07   3.1434704e-07   2.0860732e-07   1.8340725e-07   1.7256038e-07   2.0757680e-07   1.5759866e-07   2.2127522e-07   1.9540501e-07   3.5966344e-07   4.1491366e-07   2.7701458e-07
   3.3098478e-05   1.1398958e-04   3.0465733e-04   1.9874661e-03   0.0000000e+00   3.4647569e-03   2.8515248e-04   9.6961075e-05   6.0791656e-05   2.4028585e-05   2.0888881e-05   1.0869027e-05   7.3222534e-06   4.4913914e-06   3.7284026e-06   3.2915200e-06   2.9311586e-06   2.8765242e-06   2.0005917e-06   2.0198042e-06   2.1419612e-06   1.3678329e-06   1.3287029e-06   1.9636284e-06   2.2368976e-06   3.4081197e-06   1.3659321e-06   1.1558895e-06   1.0630824e-06   5.4140233e-07   3.9379993e-07   2.3528261e-07   1.8141243e-07   1.7821947e-07   6.6323308e-07   8.0559141e-07   7.8554729e-07   5.9609136e-07   5.4872658e-07   5.3010940e-07   4.5314008e-07   4.0264935e-07   4.0130459e-07   3.5057985e-07   3.9484742e-07   5.6567815e-07   7.1699796e-07   5.8035178e-07   4.2561878e-07   3.5250277e-07   3.7594466e-07   2.3701110e-07   1.8264470e-07   2.4204351e-07   2.8448116e-07   2.4668966e-07   2.0151854e-07   2.0637356e-07   1.6001106e-07   2.6684283e-07   2.8755654e-07   4.0302609e-07
   3.1588077e-05   4.6848445e-05   1.1960253e-04   3.7845288e-04   3.4647569e-03   0.0000000e+00   4.0572690e-03   4.5986244e-04   1.3561957e-04   7.0718766e-05   2.6085453e-05   2.7604606e-05   1.2702721e-05   9.6134244e-06   8.4678160e-06   5.6800099e-06   3.2800516e-06   2.3248473e-06   1.7340212e-06   1.7657333e-06   1.8639993e-06   1.4561691e-06   1.3871499e-06   2.0940594e-06   2.3209754e-06   2.2149993e-06   1.2236620e-06   9.2922623e-07   1.5338219e-06   4.4506392e-07   3.5466909e-07   2.4390779e-07   2.0553816e-07   2.4676792e-07   7.4322630e-07   9.6902774e-07   9.5544460e-07   8.4524999e-07   6.1906720e-07   6.1782219e-07   6.2736650e-07   4.3833797e-07   5.7709906e-07   4.3604733e-07   5.2359763e-07   7.8539417e-07   1.0514599e-06   4.7604814e-07   3.9348864e-07   2.9691354e-07   2.2742362e-07   3.0866186e-07   2.7138535e-07   1.4931196e-07   2.5019719e-07   2.4478597e-07   1.7195500e-07   3.9158550e-07   2.1462597e-07   2.6113502e-07   2.6766479e-07   3.4771736e-07
   1.9361393e-05   3.7619887e-05   7.3500341e-05   1.4411154e-04   2.8515248e-04   4.0572690e-03   0.0000000e+00   3.1540502e-03   3.9909812e-04   1.2756519e-04   7.4293717e-05   3.5147546e-05   3.0707602e-05   1.1184205e-05   1.1313922e-05   4.9359920e-06   4.2145734e-06   2.1838851e-06   2.0060102e-06   2.5887865e-06   1.7523778e-06   2.5867487e-06   2.0329596e-06   2.1347059e-06   2.1036336e-06   2.5035975e-06   1.3013683e-06   1.3116144e-06   1.2026356e-06   5.9682683e-07   5.1323210e-07   2.9984470e-07   1.9013851e-07   1.5873009e-07   7.5470782e-07   7.5566243e-07   7.3933256e-07   7.4438768e-07   4.9767442e-07   4.1637964e-07   5.0919059e-07   3.4620243e-07   4.1226395e-07   4.2484513e-07   3.5413374e-07   5.7960447e-07   6.6604483e-07   3.8022398e-07   2.9763770e-07   3.2702544e-07   3.0109562e-07   3.1222860e-07   3.4479083e-07   2.9855996e-07   3.0416349e-07   3.5001722e-07   2.3711044e-07   2.2520765e-07   2.4582314e-07   2.9296866e-07   2.7944219e-07   3.2535547e-07
   1.4531621e-05   2.0552271e-05   3.0128563e-05   4.4839670e-05   9.6961075e-05   4.5986244e-04   3.1540502e-03   0.0000000e+00   4.6413041e-03   2.7798481e-04   1.4094845e-04   5.8902659e-05   2.2196676e-05   1.5261532e-05   6.2908123e-06   8.0963274e-06   4.9575456e-06   3.1930683e-06   2.3406071e-06   2.6554349e-06   2.0469482e-06   2.2611543e-06   2.3157058e-06   2.2019749e-06   2.5549862e-06   3.3219805e-06   1.4404681e-06   1.2251873e-06   2.1441762e-06   5.3087418e-07   6.4341018e-07   2.5306879e-07   2.4077528e-07   1.4041995e-07   7.2563947e-07   6.6231089e-07   1.1580140e-06   6.9184404e-07   8.0846783e-07   7.4453854e-07   7.6109182e-07   5.9005488e-07   5.1784855e-07   5.1870738e-07   5.5548124e-07   9.9834050e-07   9.6119259e-07   4.8366466e-07   3.3593739e-07   3.1058513e-07   3.7860478e-07   3.1516121e-07   3.5073466e-07   2.1213965e-07   2.1554151e-07   3.0406110e-07   2.5392142e-07   2.6683345e-07   2.7085361e-07   4.2879848e-07   4.5231391e-07   3.8008895e-07
   1.4464118e-05   1.3462091e-05   2.3212778e-05   4.2360435e-05   6.0791656e-05   1.3561957e-04   3.9909812e-04   4.6413041e-03   0.0000000e+00   4.3772286e-03   5.6508896e-04   1.0061752e-04   4.0563727e-05   3.1727654e-05   1.3848454e-05   1.0120967e-05   6.0797078e-06   3.3773922e-06   2.7713846e-06   2.6591306e-06   2.6078063e-06   2.5953390e-06   3.6862628e-06   2.9365094e-06   4.1410831e-06   4.3453707e-06   1.8637500e-06   1.5457392e-06   1.9846853e-06   7.0310546e-07   5.3660395e-07   4.4807095e-07   2.0165600e-07   2.0964692e-07   9.4673862e-07   9.0602958e-07   9.6064077e-07   1.1264838e-06   6.9360417e-07   1.0036248e-06   8.8547110e-07   4.3230203e-07   6.2770191e-07   5.0607082e-07   4.2075603e-07   1.0409585e-06   9.6907065e-07   8.8832011e-07   8.3644750e-07   3.5995612e-07   4.0582602e-07   3.4710489e-07   3.8752609e-07   2.3712815e-07   3.0100838e-07   4.0466302e-07   2.6342537e-07   3.7206364e-07   3.0113229e-07   4.9181191e-07   4.3079498e-07   3.7565125e-07
   7.9238006e-06   8.7185487e-06   2.4149852e-05   2.2934148e-05   2.4028585e-05   7.0718766e-05   1.2756519e-04   2.7798481e-04   4.3772286e-03   0.0000000e+00   5.4805341e-03   3.5727851e-04   1.4592579e-04   3.9438614e-05   2.1357239e-05   8.7221747e-06   7.9000534e-06   3.7624395e-06   3.6156232e-06   2.8667739e-06   3.0900188e-06   2.8271787e-06   3.4787274e-06   4.1149353e-06   3.3078224e-06   4.9632781e-06   2.4098935e-06   2.5792337e-06   3.2505585e-06   6.0843799e-07   7.1360219e-07   5.0736358e-07   2.7807798e-07   2.4044974e-07   8.4350250e-07   1.0576309e-06   1.4908835e-06   1.0295155e-06   5.4262030e-07   1.6100244e-06   1.5061807e-06   6.7791545e-07   1.1320536e-06   6.7254118e-07   7.1003134e-07   6.2675706e-07   8.0304563e-07   6.6515459e-07   5.0428971e-07   4.1073515e-07   5.8570246e-07   2.4617644e-07   4.0762770e-07   3.2587222e-07   2.8393858e-07   5.9044956e-07   3.7275656e-07   3.4382455e-07   3.0253145e-07   3.7145317e-07   6.4405212e-07   3.9199030e-07
   6.0860457e-06   9.2715334e-06   1.4673674e-05   2.2259495e-05   2.0888881e-05   2.6085453e-05   7.4293717e-05   1.4094845e-04   5.6508896e-04   5.4805341e-03   0.0000000e+00   3.6253975e-03   3.6748330e-04   6.7552010e-05   3.1719645e-05   1.9038496e-05   1.2866103e-05   3.7936534e-06   3.3987944e-06   4.4432058e-06   3.4053156e-06   3.0214859e-06   4.7413039e-06   4.4565168e-06   5.4912697e-06   4.1461837e-06   2.5122894e-06   2.0533357e-06   3.2427005e-06   6.7738055e-07   7.9487428e-07   5.3821166e-07   2.6696537e-07   1.7256557e-07   6.0241580e-07   1.0771506e-06   1.0695924e-06   8.3775579e-07   8.6631807e-07   7.1364562e-07   7.1692232e-07   6.3955783e-07   8.9183378e-07   4.7111968e-07   6.9863687e-07   1.4538363e-06   8.3951387e-07   8.4022102e-07   5.2268692e-07   7.0203138e-07   5.6916679e-07   4.2504809e-07   4.8301506e-07   3.4467763e-07   1.8044376e-07   3.4570660e-07   4.0499415e-07   4.1002160e-07   3.0571724e-07   3.4026713e-07   6.2293975e-07   3.9621587e-07
   5.5691599e-06   6.4102367e-06   7.6507950e-06   1.3159119e-05   1.0869027e-05   2.7604606e-05   3.5147546e-05   5.8902659e-05   1.0061752e-04   3.5727851e-04   3.6253975e-03   0.0000000e+00   3.1848570e-03   4.1381085e-04   9.6174650e-05   2.5702329e-05   1.3064373e-05   6.7167452e-06   5.0253586e-06   4.2133532e-06   4.6055279e-06   3.2962700e-06   4.0096162e-06   3.9034363e-06   3.9407550e-06   4.1907350e-06   2.8624961e-06   3.3824413e-06   2.5077013e-06   7.4116730e-07   9.8882455e-07   3.8664997e-07   4.4140381e-07   2.3785027e-07   4.6950862e-07   1.1954592e-06   1.7482073e-06   9.7617615e-07   6.7922331e-07   1.9643195e-06   1.0397181e-06   4.7769991e-07   1.1857607e-06   3.6819104e-07   8.0114357e-07   9.1883514e-07   7.6878641e-07   9.6431265e-07   7.2730714e-07   6.6332843e-07   4.6531999e-07   3.2565206e-07   3.1650363e-07   3.0623934e-07   2.7993472e-07   2.3704893e-07   3.4538543e-07   4.4056822e-07   2.9777951e-07   5.1973395e-07   6.2593076e-07   4.4499870e-07
   3.6858750e-06   5.0315133e-06   8.4205443e-06   9.7493784e-06   7.3222534e-06   1.2702721e-05   3.0707602e-05   2.2196676e-05   4.0563727e-05   1.4592579e-04   3.6748330e-04   3.1848570e-03   0.0000000e+00   3.2564350e-03   1.9243261e-04   4.6269049e-05   1.2333088e-05   6.0703716e-06   6.1728669e-06   5.6443507e-06   3.9978295e-06   3.4626153e-06   3.0788767e-06   3.7177545e-06   3.0922602e-06   3.3235212e-06   2.4540451e-06   3.2535115e-06   1.9225970e-06   9.0402088e-07   6.6134492e-07   2.3045030e-07   1.9803948e-07   1.5079376e-07   6.2015951e-07   8.9235238e-07   1.3944230e-06   5.3643565e-07   6.4812658e-07   9.1757575e-07   1.0997693e-06   5.0027100e-07   4.0418480e-07   5.8179568e-07   4.0596468e-07   5.0987214e-07   7.1732674e-07   5.4264288e-07   3.8186493e-07   3.2553389e-07   3.2955753e-07   2.1057897e-07   2.2364227e-07   2.8445280e-07   1.8900502e-07   2.3680411e-07   2.5782446e-07   2.3249494e-07   1.8255243e-07   1.8282094e-07   3.4378137e-07   2.1322428e-07
   4.5656736e-06   3.4017892e-06   5.2836808e-06   5.5503576e-06   4.4913914e-06   9.6134244e-06   1.1184205e-05   1.5261532e-05   3.1727654e-05   3.9438614e-05   6.7552010e-05   4.1381085e-04   3.2564350e-03   0.0000000e+00   2.0810409e-03   1.5212172e-04   2.8392584e-05   1.3545585e-05   8.4087294e-06   5.5296330e-06   4.4113504e-06   4.5203718e-06   4.0409173e-06   3.4398520e-06   3.1311251e-06   4.8031374e-06   4.3772512e-06   3.6145900e-06   2.2964575e-06   1.0039455e-06   8.2176402e-07   2.7569658e-07   2.8038606e-07   1.1976045e-07   3.8076515e-07   7.9531720e-07   1.0598335e-06   6.0613770e-07   6.2307248e-07   6.5741163e-07   8.1484159e-07   5.1339287e-07   6.0775440e-07   4.3124374e-07   6.6035506e-07   5.6456047e-07   9.1464994e-07   4.6084152e-07   4.1920271e-07   2.2619737e-07   2.0989149e-07   1.7740428e-07   2.3996940e-07   2.7674564e-07   1.8566057e-07   2.7902689e-07   2.4941830e-07   2.3411216e-07   1.5491252e-07   2.5155972e-07   2.2111366e-07   2.2621235e-07
   3.2673348e-06   4.0958486e-06   4.1988296e-06   5.2920430e-06   3.7284026e-06   8.4678160e-06   1.1313922e-05   6.2908123e-06   1.3848454e-05   2.1357239e-05   3.1719645e-05   9.6174650e-05   1.9243261e-04   2.0810409e-03   0.0000000e+00   1.2581168e-03   5.7865254e-05   1.9519817e-05   1.2388248e-05   6.3243235e-06   6.2991751e-06   5.2769409e-06   5.3485638e-06   5.1657089e-06   4.6684257e-06   5.9187154e-06   4.8624479e-06   5.7114081e-06   1.4810980e-06   1.0813006e-06   1.3051505e-06   3.7702948e-07   3.0221676e-07   1.3838595e-07   8.4495656e-07   1.7051898e-06   9.4743091e-07   1.0808599e-06   6.5186775e-07   9.8920385e-07   6.2188128e-07   4.6556023e-07   4.6064212e-07   7.3518779e-07   7.0350550e-07   3.7011759e-07   7.6939151e-07   7.5973085e-07   4.4577481e-07   4.2926474e-07   3.7492889e-07   2.4643989e-07   2.7525654e-07   2.2795494e-07   2.1963815e-07   3.0685259e-07   2.4675657e-07   2.5732789e-07   1.7277340e-07   2.9806652e-07   4.4757523e-07   4.5483572e-07
   2.8059431e-06   3.7545031e-06   3.0076261e-06   3.2823852e-06   3.2915200e-06   5.6800099e-06   4.9359920e-06   8.0963274e-06   1.0120967e-05   8.7221747e-06   1.9038496e-05   2.5702329e-05   4.6269049e-05   1.5212172e-04   1.2581168e-03   0.0000000e+00   1.3935483e-03   2.9547675e-05   2.3265130e-05   1.9501615e-05   7.6740120e-06   6.4199562e-06   6.1605964e-06   6.7981866e-06   5.4176457e-06   6.0169621e-06   5.1294732e-06   2.4860600e-06   2.0470030e-06   1.0781497e-06   8.3829976e-07   4.6041034e-07   3.3833728e-07   3.3364164e-07   1.1587895e-06   2.1620215e-06   2.5525158e-06   1.1501069e-06   6.9074602e-07   8.5048557e-07   1.2685887e-06   7.4952891e-07   8.7111052e-07   9.5772296e-07   9.1991799e-07   8.3107916e-07   8.8054485e-07   9.0122851e-07   4.3123356e-07   5.3278294e-07   4.8002155e-07   3.2906671e-07   5.3932403e-07   3.4316761e-07   3.8671376e-07   4.6307494e-07   4.5662809e-07   6.1958722e-07   5.8551726e-07   6.3531927e-07   3.4035456e-07   5.6161612e-07
   2.9786895e-06   2.4748630e-06   2.6134193e-06   2.7965060e-06   2.9311586e-06   3.2800516e-06   4.2145734e-06   4.9575456e-06   6.0797078e-06   7.9000534e-06   1.2866103e-05   1.3064373e-05   1.2333088e-05   2.8392584e-05   5.7865254e-05   1.3935483e-03   0.0000000e+00   4.2044494e-04   8.9537944e-05   2.9235305e-05   1.8953710e-05   1.3645480e-05   1.2725589e-05   9.8037220e-06   7.4428800e-06   8.8930754e-06   2.8191736e-06   4.7913137e-06   2.8439415e-06   1.4555169e-06   1.3362881e-06   2.9429987e-07   4.4530176e-07   4.5623476e-07   1.1124362e-06   2.5957886e-06   2.2757614e-06   2.0199057e-06   1.1834164e-06   1.4965663e-06   1.4878912e-06   1.1763194e-06   9.9952953e-07   1.4686487e-06   1.1817524e-06   2.1167663e-06   1.9837944e-06   1.2925486e-06   1.1218947e-06   4.4183309e-07   6.4227028e-07   6.0498432e-07   6.4242645e-07   7.1532621e-07   7.5289486e-07   7.5035698e-07   6.2970800e-07   8.9460760e-07   8.9750971e-07   8.0888096e-07   7.0299387e-07   1.4260990e-06
   2.5504782e-06   1.6858859e-06   2.2980204e-06   1.9130803e-06   2.8765242e-06   2.3248473e-06   2.1838851e-06   3.1930683e-06   3.3773922e-06   3.7624395e-06   3.7936534e-06   6.7167452e-06   6.0703716e-06   1.3545585e-05   1.9519817e-05   2.9547675e-05   4.2044494e-04   0.0000000e+00   1.6135292e-03   1.3966886e-04   6.8898457e-05   3.0275366e-05   1.2916286e-05   8.0767479e-06   5.9482544e-06   6.4074920e-06   3.0771063e-06   1.9274158e-06   1.4226831e-06   2.4286552e-06   2.0756497e-06   9.0276170e-07   3.9714862e-07   5.0081332e-07   2.1861264e-06   1.9817736e-06   4.2183977e-06   2.4297435e-06   2.8080361e-06   1.8970281e-06   1.6143417e-06   1.2746656e-06   1.6526268e-06   8.3232999e-07   1.0358462e-06   2.6310965e-06   2.4136619e-06   7.9328412e-07   4.8132814e-07   5.2957622e-07   5.8536853e-07   4.6568765e-07   4.5292083e-07   2.6486492e-07   3.8069393e-07   4.0271933e-07   5.3397355e-07   4.3522416e-07   5.7626982e-07   6.5785508e-07   8.6899398e-07   5.8575283e-07
   2.2733602e-06   2.6552819e-06   3.1325027e-06   1.8341021e-06   2.0005917e-06   1.7340212e-06   2.0060102e-06   2.3406071e-06   2.7713846e-06   3.6156232e-06   3.3987944e-06   5.0253586e-06   6.1728669e-06   8.4087294e-06   1.2388248e-05   2.3265130e-05   8.9537944e-05   1.6135292e-03   0.0000000e+00   3.5582661e-03   1.9156292e-04   7.6201417e-05   5.2432386e-05   1.2881317e-05   7.5176095e-06   7.5490980e-06   4.3136704e-06   3.9302383e-06   2.1716073e-06   4.4616608e-06   3.1428572e-06   7.3733834e-07   4.1717497e-07   2.6169004e-07   1.0941616e-06   2.2001340e-06   2.8763053e-06   9.6314806e-07   8.7435419e-07   1.2122575e-06   1.0543955e-06   8.4163731e-07   5.3796647e-07   1.1929759e-06   9.0142882e-07   1.3749628e-06   1.1302215e-06   8.6858933e-07   5.7665692e-07   2.6157785e-07   3.1727583e-07   3.0403986e-07   2.9554741e-07   2.6225742e-07   1.9503961e-07   2.7672593e-07   2.5597545e-07   2.6132240e-07   3.6081339e-07   4.2973189e-07   4.0569831e-07   3.5591089e-07
   1.7580086e-06   1.9876131e-06   1.9411600e-06   1.7466668e-06   2.0198042e-06   1.7657333e-06   2.5887865e-06   2.6554349e-06   2.6591306e-06   2.8667739e-06   4.4432058e-06   4.2133532e-06   5.6443507e-06   5.5296330e-06   6.3243235e-06   1.9501615e-05   2.9235305e-05   1.3966886e-04   3.5582661e-03   0.0000000e+00   4.5791595e-03   1.5423970e-04   9.5202773e-05   4.0013489e-05   1.1692505e-05   5.5797034e-06   5.4234728e-06   3.4816135e-06   2.6719625e-06   6.0965441e-06   3.2611567e-06   6.0158724e-07   2.1734509e-07   2.2032606e-07   1.0584591e-06   1.1312768e-06   1.1809481e-06   1.0118277e-06   1.0307815e-06   2.0007180e-06   9.1811234e-07   6.1061900e-07   1.0525520e-06   5.8244828e-07   7.3391107e-07   1.2754771e-06   1.1308612e-06   9.5448261e-07   3.6609077e-07   2.8639513e-07   3.0806613e-07   2.8276982e-07   1.9918627e-07   2.2423221e-07   2.1350148e-07   2.0311832e-07   2.3958594e-07   2.2786813e-07   2.9189067e-07   2.2775471e-07   4.1741674e-07   4.8108677e-07
   1.4220458e-06   1.7132723e-06   1.9416141e-06   1.7622761e-06   2.1419612e-06   1.8639993e-06   1.7523778e-06   2.0469482e-06   2.6078063e-06   3.0900188e-06   3.4053156e-06   4.6055279e-06   3.9978295e-06   4.4113504e-06   6.2991751e-06   7.6740120e-06   1.8953710e-05   6.8898457e-05   1.9156292e-04   4.5791595e-03   0.0000000e+00   3.8548371e-03   1.6980519e-04   7.5947963e-05   1.7362357e-05   9.9097416e-06   4.3481579e-06   5.0391856e-06   2.2497326e-06   3.3315319e-06   4.1387655e-06   4.6036598e-07   3.4434970e-07   2.9489796e-07   1.1175357e-06   1.2603338e-06   1.4849239e-06   1.0081068e-06   6.6493962e-07   1.5242234e-06   1.7577877e-06   1.0251752e-06   9.1470914e-07   4.2050035e-07   9.5853460e-07   1.0348046e-06   1.0404233e-06   9.6234282e-07   6.8057077e-07   3.5502465e-07   4.5143704e-07   2.1990849e-07   2.5310208e-07   1.9701639e-07   2.9706818e-07   2.1217481e-07   1.9746019e-07   2.6564740e-07   2.1302158e-07   2.6430459e-07   2.6165793e-07   2.3694491e-07
   1.3935816e-06   1.5339895e-06   1.9609732e-06   1.8748773e-06   1.3678329e-06   1.4561691e-06   2.5867487e-06   2.2611543e-06   2.5953390e-06   2.8271787e-06   3.0214859e-06   3.2962700e-06   3.4626153e-06   4.5203718e-06   5.2769409e-06   6.4199562e-06   1.3645480e-05   3.0275366e-05   7.6201417e-05   1.5423970e-04   3.8548371e-03   0.0000000e+00   2.4893247e-03   2.2716915e-04   3.1419528e-05   1.4478969e-05   5.9418984e-06   4.9020623e-06   3.0191620e-06   4.3448029e-06   3.9118538e-06   4.2792210e-07   5.0912220e-07   2.3113163e-07   1.6856533e-06   1.3319984e-06   2.1321584e-06   1.3806568e-06   9.8135751e-07   7.4908917e-07   1.2718986e-06   9.7047147e-07   7.7511944e-07   1.0200652e-06   1.2544203e-06   7.5346857e-07   1.0494432e-06   1.6549359e-06   1.0881342e-06   4.7895659e-07   4.3752145e-07   4.6284254e-07   4.5680979e-07   3.6455727e-07   2.9341250e-07   2.6605747e-07   2.4972170e-07   3.7249709e-07   4.4198859e-07   4.7832180e-07   3.3138961e-07   3.1437712e-07
   1.6698147e-06   1.4395538e-06   1.4383595e-06   2.0757861e-06   1.3287029e-06   1.3871499e-06   2.0329596e-06   2.3157058e-06   3.6862628e-06   3.4787274e-06   4.7413039e-06   4.0096162e-06   3.0788767e-06   4.0409173e-06   5.3485638e-06   6.1605964e-06   1.2725589e-05   1.2916286e-05   5.2432386e-05   9.5202773e-05   1.6980519e-04   2.4893247e-03   0.0000000e+00   1.7668851e-03   7.8444231e-05   1.7689772e-05   7.8835236e-06   6.2494093e-06   3.7518518e-06   3.4775026e-06   3.9228939e-06   8.5004276e-07   4.7401098e-07   2.0494932e-07   3.2834753e-06   2.8738509e-06   1.9551016e-06   1.9772549e-06   1.6556039e-06   1.4158669e-06   2.2319589e-06   1.3993217e-06   1.5842763e-06   1.7628870e-06   1.6761318e-06   1.8981519e-06   1.0898837e-06   3.0384763e-06   1.3391984e-06   9.6493308e-07   1.0034997e-06   6.5945198e-07   1.0553679e-06   6.6712834e-07   5.7794413e-07   3.2659607e-07   5.9311903e-07   7.3358628e-07   4.4029894e-07   6.7197647e-07   5.3014488e-07   7.0496321e-07
   2.2491510e-06   1.7965213e-06   2.2832526e-06   1.7435449e-06   1.9636284e-06   2.0940594e-06   2.1347059e-06   2.2019749e-06   2.9365094e-06   4.1149353e-06   4.4565168e-06   3.9034363e-06   3.7177545e-06   3.4398520e-06   5.1657089e-06   6.7981866e-06   9.8037220e-06   8.0767479e-06   1.2881317e-05   4.0013489e-05   7.5947963e-05   2.2716915e-04   1.7668851e-03   0.0000000e+00   1.1875158e-03   4.1329453e-05   1.0595474e-05   9.2261438e-06   5.4847568e-06   3.1375321e-06   2.4207274e-06   7.2756071e-07   8.0732535e-07   4.9477406e-07   9.6440369e-07   1.1611317e-06   3.6467183e-06   1.6657083e-06   1.0007255e-06   8.9189810e-07   1.2954525e-06   1.4174436e-06   1.5580919e-06   1.1254501e-06   2.2071583e-06   2.1893287e-06   1.3472398e-06   3.4518474e-06   1.3463694e-06   1.6838376e-06   7.7278690e-07   7.7626570e-07   9.5551032e-07   4.5051547e-07   7.7756839e-07   1.0016717e-06   1.1788012e-06   4.6939688e-07   7.3715474e-07   6.4599015e-07   7.2614009e-07   5.1081774e-07
   2.4405853e-06   1.3041390e-06   1.6008890e-06   1.8775732e-06   2.2368976e-06   2.3209754e-06   2.1036336e-06   2.5549862e-06   4.1410831e-06   3.3078224e-06   5.4912697e-06   3.9407550e-06   3.0922602e-06   3.1311251e-06   4.6684257e-06   5.4176457e-06   7.4428800e-06   5.9482544e-06   7.5176095e-06   1.1692505e-05   1.7362357e-05   3.1419528e-05   7.8444231e-05   1.1875158e-03   0.0000000e+00   8.2400823e-04   5.6342404e-05   4.5116419e-05   7.6750662e-06   2.6035101e-06   2.7673060e-06   2.5687764e-06   9.5032203e-07   6.7252006e-07   2.0539398e-06   2.4582898e-06   4.4939047e-06   3.2211281e-06   1.9974667e-06   5.0938080e-06   1.4065674e-06   1.0418415e-06   1.4711893e-06   1.2857897e-06   2.6617913e-06   2.3721507e-06   2.4454501e-06   4.5311289e-06   4.1231106e-06   1.6803827e-06   1.7752098e-06   1.1656039e-06   1.2876658e-06   6.8310553e-07   9.9282112e-07   8.2208080e-07   1.1189379e-06   9.9146610e-07   9.0290917e-07   1.3093429e-06   1.1075307e-06   1.3314588e-06
   1.7904048e-06   1.5404261e-06   2.5450241e-06   2.1609459e-06   3.4081197e-06   2.2149993e-06   2.5035975e-06   3.3219805e-06   4.3453707e-06   4.9632781e-06   4.1461837e-06   4.1907350e-06   3.3235212e-06   4.8031374e-06   5.9187154e-06   6.0169621e-06   8.8930754e-06   6.4074920e-06   7.5490980e-06   5.5797034e-06   9.9097416e-06   1.4478969e-05   1.7689772e-05   4.1329453e-05   8.2400823e-04   0.0000000e+00   1.0399144e-03   9.5350745e-05   1.6335096e-05   3.7480978e-06   3.7744755e-06   3.4531729e-06   1.3477306e-06   9.9084361e-07   2.6339483e-06   7.2104715e-06   7.8446089e-06   4.8227277e-06   2.1989294e-06   3.0340302e-06   1.3724534e-06   2.1821515e-06   2.0843072e-06   1.7518810e-06   2.5446583e-06   5.1028306e-06   5.0169867e-06   2.7294608e-06   1.9647908e-06   1.1125084e-06   9.8367065e-07   1.1980389e-06   1.0615037e-06   7.9887233e-07   1.0905405e-06   5.9697762e-07   7.1640887e-07   1.0186133e-06   9.6836878e-07   1.3538155e-06   1.5269754e-06   1.6889403e-06
   1.1242075e-06   1.3234655e-06   8.8716875e-07   1.0355890e-06   1.3659321e-06   1.2236620e-06   1.3013683e-06   1.4404681e-06   1.8637500e-06   2.4098935e-06   2.5122894e-06   2.8624961e-06   2.4540451e-06   4.3772512e-06   4.8624479e-06   5.1294732e-06   2.8191736e-06   3.0771063e-06   4.3136704e-06   5.4234728e-06   4.3481579e-06   5.9418984e-06   7.8835236e-06   1.0595474e-05   5.6342404e-05   1.0399144e-03   0.0000000e+00   2.3684215e-03   1.6028345e-04   1.0445018e-05   7.3041744e-06   1.5214703e-06   2.3966974e-07   2.7842016e-07   2.5717110e-06   2.6812188e-06   1.8265908e-06   1.0453240e-06   7.9440930e-07   8.0118983e-07   8.4010077e-07   9.4005638e-07   8.3441705e-07   6.1467549e-07   7.4986570e-07   3.3987076e-06   2.3956413e-06   1.5060927e-06   1.0141547e-06   9.6895205e-07   4.6795833e-07   7.3060316e-07   4.9079064e-07   3.1895147e-07   6.8055201e-07   4.1974106e-07   6.0731311e-07   4.2247078e-07   1.1079941e-06   1.6624043e-06   9.4220592e-07   1.4399940e-06
   9.2368505e-07   7.3196072e-07   7.8609151e-07   9.9104747e-07   1.1558895e-06   9.2922623e-07   1.3116144e-06   1.2251873e-06   1.5457392e-06   2.5792337e-06   2.0533357e-06   3.3824413e-06   3.2535115e-06   3.6145900e-06   5.7114081e-06   2.4860600e-06   4.7913137e-06   1.9274158e-06   3.9302383e-06   3.4816135e-06   5.0391856e-06   4.9020623e-06   6.2494093e-06   9.2261438e-06   4.5116419e-05   9.5350745e-05   2.3684215e-03   0.0000000e+00   2.1470605e-03   1.5685217e-05   1.7067341e-05   1.6696635e-06   3.7818739e-07   3.0169709e-07   1.2517706e-06   2.3905311e-06   1.3774495e-06   1.4700812e-06   9.8820506e-07   1.0424819e-06   8.9715149e-07   4.3242717e-07   1.3464700e-06   9.3117702e-07   8.5799003e-07   1.7731314e-06   5.2980520e-07   1.2246824e-06   9.4730599e-07   9.7753091e-07   3.9728658e-07   5.3375800e-07   7.5628793e-07   5.9447471e-07   3.1042417e-07   3.6893916e-07   4.9746462e-07   5.7202908e-07   3.4012833e-07   1.1303740e-06   5.1628346e-07   6.9115332e-07
   1.6086413e-06   5.6895532e-07   5.2630579e-07   6.5843049e-07   1.0630824e-06   1.5338219e-06   1.2026356e-06   2.1441762e-06   1.9846853e-06   3.2505585e-06   3.2427005e-06   2.5077013e-06   1.9225970e-06   2.2964575e-06   1.4810980e-06   2.0470030e-06   2.8439415e-06   1.4226831e-06   2.1716073e-06   2.6719625e-06   2.2497326e-06   3.0191620e-06   3.7518518e-06   5.4847568e-06   7.6750662e-06   1.6335096e-05   1.6028345e-04   2.1470605e-03   0.0000000e+00   4.7587388e-05   2.1122005e-05   3.5115126e-06   8.4887026e-07   4.8079869e-07   1.7142924e-06   4.7104599e-06   2.6595426e-06   1.7728331e-06   7.2558182e-07   9.2483049e-07   9.0349695e-07   8.1682151e-07   1.1272755e-06   1.5155799e-06   1.4807430e-06   2.0051030e-06   1.7416440e-06   1.5200759e-06   9.9060117e-07   9.5557236e-07   1.4742924e-06   8.6593201e-07   9.0813584e-07   1.2495778e-06   1.3475714e-06   1.6021682e-06   1.2207117e-06   1.5264434e-06   1.1512684e-06   1.4683283e-06   2.3477361e-06   3.3969728e-06
   4.1452391e-07   3.5996648e-07   3.2342509e-07   3.6384659e-07   5.4140233e-07   4.4506392e-07   5.9682683e-07   5.3087418e-07   7.0310546e-07   6.0843799e-07   6.7738055e-07   7.4116730e-07   9.0402088e-07   1.0039455e-06   1.0813006e-06   1.0781497e-06   1.4555169e-06   2.4286552e-06   4.4616608e-06   6.0965441e-06   3.3315319e-06   4.3448029e-06   3.4775026e-06   3.1375321e-06   2.6035101e-06   3.7480978e-06   1.0445018e-05   1.5685217e-05   4.7587388e-05   0.0000000e+00   3.2720129e-03   2.1972991e-07   1.2953636e-07   1.1136551e-07   7.4324589e-07   7.9168360e-07   6.2922742e-07   2.9805675e-07   3.3849332e-07   2.7964285e-07   2.1262084e-07   2.2329057e-07   1.6934788e-07   2.3574742e-07   1.6142581e-07   2.5866187e-07   2.5874792e-07   3.0016671e-07   2.4434507e-07   1.5152637e-07   1.5227935e-07   1.4082104e-07   1.4890495e-07   1.2176720e-07   1.0726116e-07   1.3628815e-07   9.2333762e-08   1.9464636e-07   9.8612080e-08   1.2237169e-07   1.7189821e-07   1.7415971e-07
   4.8613753e-07   3.3735721e-07   3.1870158e-07   3.2743673e-07   3.9379993e-07   3.5466909e-07   5.1323210e-07   6.4341018e-07   5.3660395e-07   7.1360219e-07   7.9487428e-07   9.8882455e-07   6.6134492e-07   8.2176402e-07   1.3051505e-06   8.3829976e-07   1.3362881e-06   2.0756497e-06   3.1428572e-06   3.2611567e-06   4.1387655e-06   3.9118538e-06   3.9228939e-06   2.4207274e-06   2.7673060e-06   3.7744755e-06   7.3041744e-06   1.7067341e-05   2.1122005e-05   3.2720129e-03   0.0000000e+00   2.6270048e-07   1.4057971e-07   9.4362955e-08   8.2096313e-07   6.3571583e-07   5.7693346e-07   2.6422989e-07   2.7690513e-07   4.2342616e-07   3.1759015e-07   2.2502970e-07   1.8443845e-07   1.4373713e-07   1.3471376e-07   2.4913294e-07   2.2474409e-07   3.1348896e-07   1.6860316e-07   1.6338032e-07   1.2458091e-07   1.2924563e-07   1.2385512e-07   1.4502397e-07   1.0857688e-07   1.1601918e-07   1.0106568e-07   1.9185361e-07   1.2238382e-07   1.4350270e-07   2.0551067e-07   1.8743804e-07
   3.7145385e-07   2.6078031e-07   2.8333741e-07   2.7818533e-07   2.3528261e-07   2.4390779e-07   2.9984470e-07   2.5306879e-07   4.4807095e-07   5.0736358e-07   5.3821166e-07   3.8664997e-07   2.3045030e-07   2.7569658e-07   3.7702948e-07   4.6041034e-07   2.9429987e-07   9.0276170e-07   7.3733834e-07   6.0158724e-07   4.6036598e-07   4.2792210e-07   8.5004276e-07   7.2756071e-07   2.5687764e-06   3.4531729e-06   1.5214703e-06   1.6696635e-06   3.5115126e-06   2.1972991e-07   2.6270048e-07   0.0000000e+00   1.0284379e-03   1.5491396e-04   8.4232960e-05   1.3114502e-05   8.9270734e-06   2.8239414e-06   1.4977122e-06   1.5979599e-06   1.5893685e-06   1.0256157e-06   1.4074751e-06   1.1355048e-06   1.9734141e-06   1.6910557e-06   2.1473651e-06   1.5221913e-06   1.1696991e-06   1.0812769e-06   1.1614792e-06   1.2536712e-06   6.5705261e-07   9.0102107e-07   8.2497302e-07   8.2594268e-07   7.5225365e-07   7.7292108e-07   7.8630412e-07   7.6225497e-07   6.3237208e-07   4.5151581e-07
   1.9446791e-07   1.1205074e-07   1.8105431e-07   1.9185387e-07   1.8141243e-07   2.0553816e-07   1.9013851e-07   2.4077528e-07   2.0165600e-07   2.7807798e-07   2.6696537e-07   4.4140381e-07   1.9803948e-07   2.8038606e-07   3.0221676e-07   3.3833728e-07   4.4530176e-07   3.9714862e-07   4.1717497e-07   2.1734509e-07   3.4434970e-07   5.0912220e-07   4.7401098e-07   8.0732535e-07   9.5032203e-07   1.3477306e-06   2.3966974e-07   3.7818739e-07   8.4887026e-07   1.2953636e-07   1.4057971e-07   1.0284379e-03   0.0000000e+00   6.4588054e-04   7.8983961e-05   9.6886523e-06   5.8842299e-06   4.7479718e-06   1.5605565e-06   2.2633713e-06   1.9923268e-06   1.2358309e-06   1.2529146e-06   8.4792330e-07   8.7824764e-07   8.2585300e-07   6.9291678e-07   1.1403160e-06   5.9290185e-07   8.6174223e-07   5.5940405e-07   8.3547539e-07   9.8190753e-07   9.6165993e-07   9.2522502e-07   8.9511259e-07   1.1035785e-06   6.9209632e-07   5.2163464e-07   6.3449752e-07   5.3337257e-07   7.0084188e-07
   2.4928572e-07   1.8321125e-07   1.8098548e-07   2.0451290e-07   1.7821947e-07   2.4676792e-07   1.5873009e-07   1.4041995e-07   2.0964692e-07   2.4044974e-07   1.7256557e-07   2.3785027e-07   1.5079376e-07   1.1976045e-07   1.3838595e-07   3.3364164e-07   4.5623476e-07   5.0081332e-07   2.6169004e-07   2.2032606e-07   2.9489796e-07   2.3113163e-07   2.0494932e-07   4.9477406e-07   6.7252006e-07   9.9084361e-07   2.7842016e-07   3.0169709e-07   4.8079869e-07   1.1136551e-07   9.4362955e-08   1.5491396e-04   6.4588054e-04   0.0000000e+00   6.4372421e-04   1.1505489e-05   6.0305049e-06   3.2250966e-06   3.7609825e-06   1.0657134e-06   1.6436204e-06   1.9449806e-06   1.6300271e-06   1.4241713e-06   8.4591647e-07   8.5813148e-07   6.7233613e-07   5.9532811e-07   6.3111613e-07   8.4079534e-07   4.4870173e-07   6.5748079e-07   5.3014358e-07   6.9840985e-07   4.2052855e-07   7.0608852e-07   8.3466573e-07   9.6508035e-07   7.9963332e-07   7.1566997e-07   6.9447634e-07   6.2292780e-07
   9.9106861e-07   7.2262350e-07   5.7023485e-07   5.0998076e-07   6.6323308e-07   7.4322630e-07   7.5470782e-07   7.2563947e-07   9.4673862e-07   8.4350250e-07   6.0241580e-07   4.6950862e-07   6.2015951e-07   3.8076515e-07   8.4495656e-07   1.1587895e-06   1.1124362e-06   2.1861264e-06   1.0941616e-06   1.0584591e-06   1.1175357e-06   1.6856533e-06   3.2834753e-06   9.6440369e-07   2.0539398e-06   2.6339483e-06   2.5717110e-06   1.2517706e-06   1.7142924e-06   7.4324589e-07   8.2096313e-07   8.4232960e-05   7.8983961e-05   6.4372421e-04   0.0000000e+00   4.7428805e-04   2.0965081e-05   2.1761393e-05   1.2082649e-05   1.0307166e-05   4.2307907e-06   4.2677214e-06   5.6290170e-06   6.2060938e-06   4.7083862e-06   4.4658612e-06   2.1801436e-06   3.3729080e-06   1.9165836e-06   1.8610318e-06   1.8813355e-06   2.1690393e-06   1.4059936e-06   1.3627331e-06   1.1896872e-06   1.0945370e-06   1.4368392e-06   1.4241074e-06   1.3084904e-06   1.3970775e-06   1.1867344e-06   1.0429038e-06
   1.0975220e-06   9.4339810e-07   6.9483823e-07   6.9670647e-07   8.0559141e-07   9.6902774e-07   7.5566243e-07   6.6231089e-07   9.0602958e-07   1.0576309e-06   1.0771506e-06   1.1954592e-06   8.9235238e-07   7.9531720e-07   1.7051898e-06   2.1620215e-06   2.5957886e-06   1.9817736e-06   2.2001340e-06   1.1312768e-06   1.2603338e-06   1.3319984e-06   2.8738509e-06   1.1611317e-06   2.4582898e-06   7.2104715e-06   2.6812188e-06   2.3905311e-06   4.7104599e-06   7.9168360e-07   6.3571583e-07   1.3114502e-05   9.6886523e-06   1.1505489e-05   4.7428805e-04   0.0000000e+00   7.5786275e-04   1.3339203e-04   2.6528242e-05   1.1881143e-05   1.0492677e-05   9.1770382e-06   5.4130234e-06   5.8666688e-06   5.7900548e-06   5.7060928e-06   5.7185605e-06   4.3655270e-06   3.5739883e-06   2.8752522e-06   2.4400055e-06   2.6952861e-06   2.6970893e-06   1.9917158e-06   1.9792617e-06   1.9312534e-06   1.7257486e-06   2.0160736e-06   1.8103771e-06   2.8864355e-06   2.0340094e-06   2.1794321e-06
   1.3813281e-06   1.7619902e-06   1.4739153e-06   1.1511255e-06   7.8554729e-07   9.5544460e-07   7.3933256e-07   1.1580140e-06   9.6064077e-07   1.4908835e-06   1.0695924e-06   1.7482073e-06   1.3944230e-06   1.0598335e-06   9.4743091e-07   2.5525158e-06   2.2757614e-06   4.2183977e-06   2.8763053e-06   1.1809481e-06   1.4849239e-06   2.1321584e-06   1.9551016e-06   3.6467183e-06   4.4939047e-06   7.8446089e-06   1.8265908e-06   1.3774495e-06   2.6595426e-06   6.2922742e-07   5.7693346e-07   8.9270734e-06   5.8842299e-06   6.0305049e-06   2.0965081e-05   7.5786275e-04   0.0000000e+00   8.7556518e-04   1.0077326e-04   3.9949489e-05   1.9369291e-05   1.1549065e-05   8.5524673e-06   8.7633316e-06   5.5365673e-06   6.5965161e-06   4.9942622e-06   5.0699954e-06   3.8230976e-06   3.1281947e-06   2.9582303e-06   3.0677447e-06   2.4624641e-06   2.1117270e-06   2.0176293e-06   2.3323784e-06   2.3319134e-06   1.8562125e-06   2.1340304e-06   2.8055085e-06   3.2562066e-06   1.7182751e-06
   5.7437731e-07   7.4522564e-07   7.3295641e-07   7.5822458e-07   5.9609136e-07   8.4524999e-07   7.4438768e-07   6.9184404e-07   1.1264838e-06   1.0295155e-06   8.3775579e-07   9.7617615e-07   5.3643565e-07   6.0613770e-07   1.0808599e-06   1.1501069e-06   2.0199057e-06   2.4297435e-06   9.6314806e-07   1.0118277e-06   1.0081068e-06   1.3806568e-06   1.9772549e-06   1.6657083e-06   3.2211281e-06   4.8227277e-06   1.0453240e-06   1.4700812e-06   1.7728331e-06   2.9805675e-07   2.6422989e-07   2.8239414e-06   4.7479718e-06   3.2250966e-06   2.1761393e-05   1.3339203e-04   8.7556518e-04   0.0000000e+00   1.3006777e-03   2.1403087e-04   4.3546768e-05   2.5850431e-05   2.2363006e-05   1.2461901e-05   8.8918513e-06   7.8222060e-06   4.6934225e-06   4.6406949e-06   4.8387672e-06   3.9733415e-06   3.8855202e-06   2.7216727e-06   2.3074611e-06   2.1041382e-06   2.0031202e-06   1.8520991e-06   1.6006533e-06   2.5383885e-06   2.1498349e-06   2.2545191e-06   3.4105798e-06   1.8024309e-06
   1.2725642e-06   4.2136174e-07   5.4946430e-07   3.9168229e-07   5.4872658e-07   6.1906720e-07   4.9767442e-07   8.0846783e-07   6.9360417e-07   5.4262030e-07   8.6631807e-07   6.7922331e-07   6.4812658e-07   6.2307248e-07   6.5186775e-07   6.9074602e-07   1.1834164e-06   2.8080361e-06   8.7435419e-07   1.0307815e-06   6.6493962e-07   9.8135751e-07   1.6556039e-06   1.0007255e-06   1.9974667e-06   2.1989294e-06   7.9440930e-07   9.8820506e-07   7.2558182e-07   3.3849332e-07   2.7690513e-07   1.4977122e-06   1.5605565e-06   3.7609825e-06   1.2082649e-05   2.6528242e-05   1.0077326e-04   1.3006777e-03   0.0000000e+00   2.1229780e-03   9.1017060e-05   4.8557535e-05   2.8340624e-05   1.5654920e-05   9.1669994e-06   8.5409705e-06   5.3041141e-06   3.4911218e-06   3.7955737e-06   3.2904522e-06   2.4008767e-06   2.8742886e-06   2.2230366e-06   2.6181605e-06   2.0960836e-06   2.1184824e-06   1.9351104e-06   1.8708186e-06   2.0641915e-06   1.9923573e-06   2.1007145e-06   1.9732094e-06
   7.6725566e-07   7.5102059e-07   5.7678625e-07   5.3902462e-07   5.3010940e-07   6.1782219e-07   4.1637964e-07   7.4453854e-07   1.0036248e-06   1.6100244e-06   7.1364562e-07   1.9643195e-06   9.1757575e-07   6.5741163e-07   9.8920385e-07   8.5048557e-07   1.4965663e-06   1.8970281e-06   1.2122575e-06   2.0007180e-06   1.5242234e-06   7.4908917e-07   1.4158669e-06   8.9189810e-07   5.0938080e-06   3.0340302e-06   8.0118983e-07   1.0424819e-06   9.2483049e-07   2.7964285e-07   4.2342616e-07   1.5979599e-06   2.2633713e-06   1.0657134e-06   1.0307166e-05   1.1881143e-05   3.9949489e-05   2.1403087e-04   2.1229780e-03   0.0000000e+00   5.1790013e-04   1.1249286e-04   3.9619366e-05   3.2405059e-05   1.5332761e-05   8.6117062e-06   7.1119319e-06   6.0196386e-06   3.5609120e-06   4.1036296e-06   3.3423678e-06   3.7978044e-06   2.6730849e-06   2.4984681e-06   2.2019954e-06   2.7316774e-06   1.9787521e-06   2.0120017e-06   2.2868204e-06   2.4749543e-06   2.5572635e-06   2.1590427e-06
