   0.0000000e+00   5.3491694e-04   2.2577682e-04   8.9796296e-05   5.4902331e-05   4.3053050e-05   1.2577911e-05   1.7882543e-05   1.0620435e-05   1.0642786e-05   7.6805590e-06   4.8286138e-06   3.2305310e-06   2.8905102e-06   3.4481815e-06   2.8189389e-06   1.7976246e-06   2.2939465e-06   1.8393421e-06   2.0865014e-06   2.3163844e-06   1.8491633e-06   4.2590017e-06   3.4382242e-06   2.9828762e-06   3.0393931e-06   1.5359847e-06   1.1232280e-06   9.5745333e-07   4.2367468e-07   4.2544009e-07   3.2730525e-07   2.1249192e-07   3.1861180e-07   3.7418541e-07   1.0654361e-06   9.0136791e-07   6.5891214e-07   3.9582836e-07   6.6752167e-07   8.5742714e-07   5.5542945e-07   3.3546352e-07   4.7389724e-07   4.1004227e-07   3.3116490e-07   4.8815935e-07   8.9872492e-07   4.7189772e-07   2.2989171e-07   2.2511769e-07   2.5451822e-07   2.3398567e-07   3.9106039e-07   3.2517974e-07   2.8101362e-07   3.2742213e-07   2.9168903e-07   2.4127880e-07   4.5024242e-07   5.7222205e-07   7.0076773e-07
   5.3491694e-04   0.0000000e+00   3.1209657e-03   3.6184652e-04   1.2192814e-04   6.3661868e-05   4.9087664e-05   2.4020416e-05   2.5517165e-05   1.2698470e-05   1.1049308e-05   5.6471870e-06   6.4284821e-06   2.8610752e-06   3.3910069e-06   3.2609593e-06   2.2549287e-06   1.7849912e-06   1.6005076e-06   1.7358127e-06   2.5894721e-06   2.4517024e-06   1.8583620e-06   2.2509280e-06   3.0521400e-06   3.5175567e-06   2.1570151e-06   1.4363851e-06   1.6859876e-06   4.0714227e-07   3.4595176e-07   7.3180022e-07   3.3230503e-07   3.2846877e-07   4.8968988e-07   9.5518649e-07   4.8944373e-07   7.1876894e-07   5.9311546e-07   4.9228065e-07   5.5975462e-07   6.1996016e-07   2.7335481e-07   4.0010392e-07   5.1169977e-07   5.1118465e-07   5.3117766e-07   5.7455097e-07   4.4214146e-07   1.3865608e-07   2.9275303e-07   2.9301838e-07   2.7736724e-07   2.8502759e-07   3.9641571e-07   3.1562022e-07   2.5121722e-07   3.2176791e-07   3.3605729e-07   3.4821770e-07   4.6375711e-07   3.1055203e-07
   2.2577682e-04   3.1209657e-03   0.0000000e+00   3.3031244e-03   4.5890235e-04   1.3708172e-04   6.3301633e-05   5.0214598e-05   2.8166854e-05   1.9222441e-05   9.9927148e-06   5.5902486e-06   7.0602586e-06   5.5451728e-06   4.0569655e-06   2.7808061e-06   3.5566755e-06   2.8506925e-06   1.7496031e-06   1.5659014e-06   1.8875313e-06   2.9602853e-06   3.0665428e-06   3.1266143e-06   3.0283124e-06   3.7117132e-06   1.4453476e-06   1.2044694e-06   1.3564907e-06   5.1147223e-07   4.4867855e-07   8.7056359e-07   4.8682241e-07   2.4014599e-07   3.7853426e-07   6.5586143e-07   7.7233437e-07   6.6100305e-07   9.3275582e-07   6.0743798e-07   6.0044200e-07   3.8500472e-07   2.8201855e-07   5.6418077e-07   3.7637912e-07   2.6778291e-07   4.6048087e-07   3.2483410e-07   5.3111599e-07   2.5511795e-07   1.9985385e-07   2.9629253e-07   3.2795492e-07   2.5572662e-07   2.5933620e-07   1.5869647e-07   2.2170817e-07   3.5962545e-07   3.0863956e-07   2.8133607e-07   3.8804653e-07   3.3458412e-07
   8.9796296e-05   3.6184652e-04   3.3031244e-03   0.0000000e+00   5.1523593e-03   3.6520210e-04   1.4008285e-04   6.4026462e-05   3.0704075e-05   2.0831921e-05   1.3747320e-05   1.0313620e-05   6.8688506e-06   5.2251595e-06   4.3822493e-06   4.2351566e-06   3.0118661e-06   2.8978823e-06   2.4896236e-06   1.7526786e-06   2.6289249e-06   2.0388555e-06   2.4824221e-06   2.2986956e-06   2.3444992e-06   4.1143303e-06   1.2705461e-06   1.6853150e-06   2.1553889e-06   6.3311874e-07   5.5251388e-07   4.0784917e-07   2.0964191e-07   2.0973375e-07   4.5466422e-07   8.6045423e-07   8.5325652e-07   6.1118496e-07   6.3067129e-07   4.5934761e-07   4.9677531e-07   3.1081002e-07   3.4345768e-07   4.0758730e-07   2.7220789e-07   3.0881038e-07   3.4441101e-07   4.7877703e-07   2.8359221e-07   2.1046379e-07   2.6654582e-07   2.9370414e-07   2.7041307e-07   3.1657919e-07   2.8727205e-07   2.5829500e-07   2.3930551e-07   3.1535338e-07   4.0414989e-07   3.8522819e-07   4.0243406e-07   3.3186619e-07
   5.4902331e-05   1.2192814e-04   4.5890235e-04   5.1523593e-03   0.0000000e+00   3.3536752e-03   3.5097526e-04   1.2999864e-04   5.5492770e-05   4.5416125e-05   2.3336245e-05   1.3486478e-05   1.0579929e-05   8.2246508e-06   4.0486614e-06   4.5994272e-06   4.1516564e-06   2.4746826e-06   2.2738155e-06   2.4192766e-06   2.2562211e-06   2.3530372e-06   2.3534662e-06   2.9391821e-06   3.9392619e-06   3.2388281e-06   2.2274961e-06   1.4453339e-06   2.1695346e-06   5.6893950e-07   5.4093255e-07   6.5281082e-07   2.6711937e-07   2.2825382e-07   4.4350065e-07   7.0247856e-07   1.1115386e-06   5.3070802e-07   6.9480112e-07   6.3751903e-07   4.5537066e-07   4.2804547e-07   3.7201909e-07   4.1052219e-07   3.6469696e-07   2.5025874e-07   4.2996948e-07   5.1607255e-07   3.9066914e-07   1.9129138e-07   2.4002801e-07   2.2989853e-07   2.3512007e-07   2.0656122e-07   3.0346668e-07   2.3769140e-07   1.8433633e-07   3.1117640e-07   2.9019043e-07   3.5300307e-07   4.2920146e-07   3.9770788e-07
   4.3053050e-05   6.3661868e-05   1.3708172e-04   3.6520210e-04   3.3536752e-03   0.0000000e+00   3.9321876e-03   3.8997631e-04   1.0673273e-04   6.2118802e-05   2.5692547e-05   2.6014681e-05   1.3126629e-05   1.0950668e-05   4.5976447e-06   5.7074952e-06   3.4152768e-06   2.9921441e-06   2.2919997e-06   2.8016343e-06   2.2722924e-06   2.2282233e-06   3.1189390e-06   3.1951762e-06   3.1029943e-06   5.3191350e-06   2.2052172e-06   1.8621045e-06   2.0024342e-06   6.9437353e-07   4.4155064e-07   7.5886924e-07   2.9002751e-07   2.2298758e-07   3.1733595e-07   6.9319557e-07   7.7489377e-07   5.6085602e-07   8.5714561e-07   4.0718501e-07   3.9726527e-07   5.3212361e-07   2.7928291e-07   3.1895718e-07   3.3084918e-07   3.8066163e-07   4.5206587e-07   6.4206335e-07   3.1401121e-07   2.4760326e-07   1.9236344e-07   2.0714552e-07   3.0671976e-07   2.5444016e-07   2.9437406e-07   3.0371244e-07   2.3022970e-07   4.0307953e-07   3.1278696e-07   2.8481230e-07   3.2129004e-07   4.4286635e-07
   1.2577911e-05   4.9087664e-05   6.3301633e-05   1.4008285e-04   3.5097526e-04   3.9321876e-03   0.0000000e+00   2.8884883e-03   3.1903353e-04   1.6762087e-04   4.6276809e-05   2.7484872e-05   1.9172910e-05   1.1969548e-05   8.0430621e-06   5.3671810e-06   3.9884596e-06   2.7582765e-06   2.5856917e-06   2.1299134e-06   2.7612134e-06   3.0113503e-06   2.9519832e-06   2.6189003e-06   3.5999791e-06   3.7570651e-06   3.2039370e-06   2.1227251e-06   1.8656342e-06   5.7834854e-07   5.3684161e-07   9.3206833e-07   3.7646016e-07   2.1254685e-07   3.6493953e-07   1.1500864e-06   8.5112530e-07   2.9843951e-07   4.5928055e-07   5.0462612e-07   8.8765859e-07   4.2994140e-07   2.8673126e-07   4.4834232e-07   3.5570256e-07   3.3018023e-07   5.6658514e-07   4.8523186e-07   7.4231544e-07   2.3125605e-07   2.4385148e-07   2.2174702e-07   2.7252514e-07   2.9869187e-07   2.7386929e-07   2.4333537e-07   3.2942655e-07   2.6428953e-07   3.1813173e-07   3.2037095e-07   5.4242195e-07   2.2940748e-07
   1.7882543e-05   2.4020416e-05   5.0214598e-05   6.4026462e-05   1.2999864e-04   3.8997631e-04   2.8884883e-03   0.0000000e+00   3.2114411e-03   3.5919718e-04   1.0871293e-04   4.9059574e-05   2.4155400e-05   1.7198183e-05   1.4886586e-05   8.7982252e-06   4.6444448e-06   3.4728299e-06   3.0388354e-06   2.3560892e-06   2.4518244e-06   2.8789633e-06   3.6457678e-06   3.1652765e-06   4.1480749e-06   4.7816136e-06   1.6797865e-06   1.6574118e-06   2.3392197e-06   6.0397501e-07   6.9851657e-07   5.3106877e-07   4.1779138e-07   3.9866592e-07   3.9006870e-07   1.2467771e-06   9.5158760e-07   6.6455858e-07   6.8674619e-07   4.6580311e-07   6.0067498e-07   6.3315876e-07   4.3963913e-07   5.2802319e-07   7.1941205e-07   4.7884610e-07   5.6365183e-07   8.8314677e-07   4.9094445e-07   3.8836875e-07   3.0616578e-07   2.5862244e-07   3.1392904e-07   3.9159705e-07   3.0007464e-07   2.4304020e-07   2.5684729e-07   3.5056001e-07   6.1645788e-07   3.8654482e-07   5.2038162e-07   4.5048305e-07
   1.0620435e-05   2.5517165e-05   2.8166854e-05   3.0704075e-05   5.5492770e-05   1.0673273e-04   3.1903353e-04   3.2114411e-03   0.0000000e+00   2.6928493e-03   2.8716453e-04   1.2561145e-04   3.2967078e-05   1.1828798e-05   1.6174002e-05   8.1620012e-06   4.9605485e-06   3.7895767e-06   3.3214471e-06   3.4732688e-06   2.6352256e-06   3.2879063e-06   3.9684430e-06   3.0743154e-06   2.7804451e-06   4.0886236e-06   1.4613332e-06   1.5499597e-06   1.6792045e-06   5.3068356e-07   7.4437597e-07   3.6338905e-07   3.2589751e-07   2.0033756e-07   4.7018466e-07   1.2573097e-06   9.0960656e-07   5.1457617e-07   8.2692039e-07   6.2173906e-07   5.9423316e-07   4.4629105e-07   3.7379603e-07   5.0869161e-07   4.0582043e-07   6.6333162e-07   5.7307054e-07   6.9136155e-07   5.7666236e-07   3.1048011e-07   3.0560862e-07   2.9347316e-07   2.0824945e-07   3.9762089e-07   6.0693789e-07   3.6102385e-07   3.2649700e-07   4.7299985e-07   2.9442873e-07   3.4776359e-07   6.9942934e-07   6.1770817e-07
   1.0642786e-05   1.2698470e-05   1.9222441e-05   2.0831921e-05   4.5416125e-05   6.2118802e-05   1.6762087e-04   3.5919718e-04   2.6928493e-03   0.0000000e+00   4.2483770e-03   1.5851636e-04   7.7819516e-05   3.3887698e-05   3.6954071e-05   8.4975858e-06   6.0348882e-06   5.1126749e-06   2.5760137e-06   2.9976987e-06   2.8285080e-06   3.7952571e-06   2.9290639e-06   2.2168173e-06   3.9431202e-06   5.6947983e-06   1.8736566e-06   2.2508858e-06   1.6855335e-06   7.3004124e-07   7.2592539e-07   6.3115221e-07   2.5862985e-07   3.4226897e-07   3.7963987e-07   9.1871898e-07   8.1283856e-07   5.0924502e-07   8.1013485e-07   5.0163812e-07   5.9721451e-07   9.6751355e-07   4.1311561e-07   5.4855104e-07   3.8903547e-07   4.6318853e-07   9.0580378e-07   6.4131949e-07   6.7936665e-07   3.6426611e-07   2.9757893e-07   2.9619791e-07   3.3406228e-07   3.2158486e-07   3.5135506e-07   3.0965273e-07   3.8670086e-07   4.3353958e-07   3.7330334e-07   4.1707648e-07   5.6312375e-07   4.8125203e-07
   7.6805590e-06   1.1049308e-05   9.9927148e-06   1.3747320e-05   2.3336245e-05   2.5692547e-05   4.6276809e-05   1.0871293e-04   2.8716453e-04   4.2483770e-03   0.0000000e+00   3.7173434e-03   2.1932911e-04   7.2178248e-05   3.6742156e-05   1.4888791e-05   6.6103421e-06   4.8335481e-06   4.9269349e-06   4.1430887e-06   2.8229671e-06   4.0980880e-06   4.2070411e-06   2.6955273e-06   4.5474556e-06   5.6325153e-06   3.2558137e-06   2.7774038e-06   2.6089967e-06   7.8858472e-07   8.5077839e-07   5.3014524e-07   3.3779184e-07   3.2169932e-07   2.6691442e-07   9.4826921e-07   1.6496531e-06   4.5233010e-07   7.8559164e-07   5.3008618e-07   7.3929905e-07   3.7418984e-07   3.7865443e-07   4.1875092e-07   5.2643955e-07   5.2231545e-07   6.1222727e-07   9.7416654e-07   5.0856295e-07   3.2523600e-07   3.5203639e-07   3.1685790e-07   3.1058147e-07   3.2071351e-07   3.3330254e-07   4.0484298e-07   4.4085722e-07   2.8865012e-07   2.3909028e-07   3.1318184e-07   3.2227312e-07   5.5603802e-07
   4.8286138e-06   5.6471870e-06   5.5902486e-06   1.0313620e-05   1.3486478e-05   2.6014681e-05   2.7484872e-05   4.9059574e-05   1.2561145e-04   1.5851636e-04   3.7173434e-03   0.0000000e+00   2.6802243e-03   2.4494670e-04   4.8513355e-05   1.9089734e-05   1.1745224e-05   5.9949417e-06   5.1186789e-06   3.5960772e-06   3.7780610e-06   3.5231116e-06   3.0072041e-06   2.8085172e-06   3.1137642e-06   5.5150292e-06   3.1288278e-06   3.4975468e-06   2.8464036e-06   7.4926249e-07   7.2730821e-07   5.1295215e-07   3.0033942e-07   3.9658798e-07   4.3630092e-07   6.7612939e-07   7.6486420e-07   5.7309684e-07   8.1609395e-07   4.8608410e-07   7.6048427e-07   5.9312808e-07   4.2966767e-07   3.4662547e-07   3.6450292e-07   3.0762293e-07   5.7641239e-07   3.0885297e-07   7.1291572e-07   3.0361391e-07   4.0879811e-07   3.3267426e-07   4.2556793e-07   5.2527074e-07   3.6993495e-07   3.3397141e-07   3.1461502e-07   4.5983300e-07   2.7731019e-07   2.6039775e-07   2.3528025e-07   2.1230463e-07
   3.2305310e-06   6.4284821e-06   7.0602586e-06   6.8688506e-06   1.0579929e-05   1.3126629e-05   1.9172910e-05   2.4155400e-05   3.2967078e-05   7.7819516e-05   2.1932911e-04   2.6802243e-03   0.0000000e+00   3.4713729e-03   1.6029962e-04   1.8426125e-05   9.9129274e-06   7.4723202e-06   4.8717022e-06   4.0188632e-06   5.2575171e-06   4.8063976e-06   3.7358480e-06   3.0665006e-06   5.0636091e-06   3.9459614e-06   4.0558157e-06   3.1343294e-06   4.8952585e-06   9.2203338e-07   1.0608425e-06   5.1955828e-07   2.8970736e-07   2.3236741e-07   6.0799333e-07   9.4285422e-07   1.6080062e-06   8.8908578e-07   7.3366996e-07   6.4307203e-07   9.0989931e-07   4.8342027e-07   3.8972636e-07   3.2513123e-07   4.7620589e-07   4.5613051e-07   7.5654180e-07   5.5811897e-07   5.7956377e-07   3.2062794e-07   2.7511545e-07   2.4807925e-07   3.9730813e-07   3.8004985e-07   2.7873836e-07   5.5672466e-07   2.3222705e-07   4.0497399e-07   3.6668388e-07   2.7797651e-07   3.5441764e-07   3.2491622e-07
   2.8905102e-06   2.8610752e-06   5.5451728e-06   5.2251595e-06   8.2246508e-06   1.0950668e-05   1.1969548e-05   1.7198183e-05   1.1828798e-05   3.3887698e-05   7.2178248e-05   2.4494670e-04   3.4713729e-03   0.0000000e+00   1.4078798e-03   2.8142052e-05   1.9241681e-05   7.3788337e-06   5.9314954e-06   4.7551920e-06   5.4518871e-06   3.8167732e-06   3.3057772e-06   3.5526721e-06   2.4811363e-06   2.4795293e-06   3.1543474e-06   2.7162548e-06   3.8708870e-06   9.5276105e-07   1.2137284e-06   7.1021842e-07   2.7307581e-07   4.2174280e-07   4.4171567e-07   1.2690079e-06   1.4256537e-06   6.9053995e-07   9.0960912e-07   6.1884767e-07   5.9840801e-07   4.1793963e-07   3.4458936e-07   4.1240372e-07   3.5233930e-07   2.9739146e-07   3.2753754e-07   4.8532226e-07   5.3099821e-07   2.8787207e-07   5.2355716e-07   6.9124189e-07   3.4665309e-07   3.3437533e-07   2.6986337e-07   2.2166628e-07   2.4858949e-07   2.1737129e-07   2.7250838e-07   3.0695091e-07   4.3642914e-07   2.7749724e-07
   3.4481815e-06   3.3910069e-06   4.0569655e-06   4.3822493e-06   4.0486614e-06   4.5976447e-06   8.0430621e-06   1.4886586e-05   1.6174002e-05   3.6954071e-05   3.6742156e-05   4.8513355e-05   1.6029962e-04   1.4078798e-03   0.0000000e+00   3.4788237e-04   1.9234692e-05   1.6339988e-05   9.3680055e-06   6.6199380e-06   5.4238178e-06   1.0970334e-05   5.3081047e-06   2.9739612e-06   3.7720470e-06   4.2910811e-06   2.6644339e-06   3.8702133e-06   3.1459090e-06   1.1814896e-06   1.3073650e-06   9.8759496e-07   3.8984224e-07   2.7917687e-07   4.9312885e-07   1.3735688e-06   1.8064026e-06   1.4575663e-06   1.6785364e-06   8.1688895e-07   6.0466216e-07   4.9714438e-07   4.4524295e-07   4.0766540e-07   4.7049101e-07   5.1185640e-07   8.3391620e-07   3.3974941e-07   5.6677418e-07   4.0198944e-07   2.9813280e-07   2.1547168e-07   3.4300999e-07   5.0933965e-07   2.9078169e-07   3.1926639e-07   2.3633371e-07   2.4933893e-07   4.3104560e-07   2.3573925e-07   4.2673401e-07   4.7910404e-07
   2.8189389e-06   3.2609593e-06   2.7808061e-06   4.2351566e-06   4.5994272e-06   5.7074952e-06   5.3671810e-06   8.7982252e-06   8.1620012e-06   8.4975858e-06   1.4888791e-05   1.9089734e-05   1.8426125e-05   2.8142052e-05   3.4788237e-04   0.0000000e+00   2.1857048e-03   7.2716891e-05   1.6783757e-05   1.2618523e-05   1.6950273e-05   9.1515380e-06   1.4101904e-05   8.0010611e-06   8.0815634e-06   8.4273630e-06   5.1225685e-06   3.4545576e-06   2.7117806e-06   1.3722785e-06   1.3216432e-06   2.1583204e-06   1.0301955e-06   1.0426066e-06   1.4265599e-06   2.0174753e-06   3.8341025e-06   1.8744826e-06   2.7595053e-06   1.4534649e-06   7.5662619e-07   1.1914951e-06   1.0581324e-06   1.2442463e-06   9.8696886e-07   6.3679464e-07   1.1735341e-06   1.7205569e-06   9.2839188e-07   7.1967159e-07   6.6182843e-07   5.7398452e-07   5.8281756e-07   6.8284536e-07   7.1011966e-07   6.3504272e-07   5.1049243e-07   8.3359807e-07   1.1123307e-06   9.6465453e-07   1.2184061e-06   1.0930527e-06
   1.7976246e-06   2.2549287e-06   3.5566755e-06   3.0118661e-06   4.1516564e-06   3.4152768e-06   3.9884596e-06   4.6444448e-06   4.9605485e-06   6.0348882e-06   6.6103421e-06   1.1745224e-05   9.9129274e-06   1.9241681e-05   1.9234692e-05   2.1857048e-03   0.0000000e+00   3.1226985e-03   2.0136494e-04   3.9873462e-05   2.9752813e-05   1.5321116e-05   1.4368953e-05   1.1018872e-05   1.0805501e-05   6.5704198e-06   6.0190608e-06   3.4647253e-06   2.9036453e-06   1.3552299e-06   1.2899741e-06   8.5692822e-07   1.5381120e-06   3.8248785e-07   9.6115248e-07   2.3478268e-06   2.7225199e-06   1.1060033e-06   1.5860281e-06   1.5954452e-06   1.2425799e-06   1.7559714e-06   1.1295416e-06   1.6935715e-06   1.5913547e-06   8.4832579e-07   1.5569306e-06   6.4438428e-07   1.2838026e-06   7.8459475e-07   1.1493078e-06   8.6667109e-07   5.1892621e-07   8.7023754e-07   6.9694377e-07   8.7452897e-07   1.1685469e-06   1.1705969e-06   1.0981348e-06   8.5949855e-07   7.5965812e-07   8.4345425e-07
   2.2939465e-06   1.7849912e-06   2.8506925e-06   2.8978823e-06   2.4746826e-06   2.9921441e-06   2.7582765e-06   3.4728299e-06   3.7895767e-06   5.1126749e-06   4.8335481e-06   5.9949417e-06   7.4723202e-06   7.3788337e-06   1.6339988e-05   7.2716891e-05   3.1226985e-03   0.0000000e+00   2.2199038e-03   1.3955368e-04   6.1727526e-05   4.2256773e-05   3.7467796e-05   1.3366501e-05   1.1057411e-05   7.4898954e-06   4.3220471e-06   2.4838640e-06   2.7663373e-06   1.8443996e-06   2.2019490e-06   8.5211661e-07   6.2054264e-07   3.5103423e-07   8.6106605e-07   2.3148761e-06   1.5674156e-06   1.7995291e-06   1.3718736e-06   6.3824293e-07   7.7545855e-07   8.5803004e-07   6.7505123e-07   1.7125437e-06   9.5092733e-07   4.4695697e-07   6.5366583e-07   5.2631049e-07   7.6657854e-07   4.7680030e-07   4.7895678e-07   6.8978398e-07   5.8159435e-07   6.9734040e-07   5.0085628e-07   4.4239477e-07   5.0176439e-07   6.6046719e-07   6.7324502e-07   7.5150782e-07   7.8013267e-07   7.7134651e-07
   1.8393421e-06   1.6005076e-06   1.7496031e-06   2.4896236e-06   2.2738155e-06   2.2919997e-06   2.5856917e-06   3.0388354e-06   3.3214471e-06   2.5760137e-06   4.9269349e-06   5.1186789e-06   4.8717022e-06   5.9314954e-06   9.3680055e-06   1.6783757e-05   2.0136494e-04   2.2199038e-03   0.0000000e+00   2.2764879e-03   2.3818787e-04   1.2444175e-04   4.0777216e-05   2.8185637e-05   1.3215597e-05   5.5866360e-06   8.3513926e-06   4.2388920e-06   3.9391121e-06   2.6551858e-06   2.7142412e-06   8.5113868e-07   4.0170954e-07   2.8469859e-07   8.4598080e-07   1.6635167e-06   1.7295684e-06   7.3583279e-07   9.4375881e-07   6.8756041e-07   4.6081572e-07   9.9999977e-07   5.1849144e-07   7.6865912e-07   8.5780093e-07   6.8727384e-07   8.3026440e-07   5.7108735e-07   7.1143385e-07   3.3797095e-07   4.3883065e-07   5.0159835e-07   5.3270961e-07   5.8917657e-07   3.9640424e-07   5.1156122e-07   2.4919309e-07   3.1785225e-07   2.7542285e-07   5.1176804e-07   6.8380262e-07   8.7592849e-07
   2.0865014e-06   1.7358127e-06   1.5659014e-06   1.7526786e-06   2.4192766e-06   2.8016343e-06   2.1299134e-06   2.3560892e-06   3.4732688e-06   2.9976987e-06   4.1430887e-06   3.5960772e-06   4.0188632e-06   4.7551920e-06   6.6199380e-06   1.2618523e-05   3.9873462e-05   1.3955368e-04   2.2764879e-03   0.0000000e+00   2.1506343e-03   2.2505963e-04   5.7284713e-05   2.8925592e-05   1.8369942e-05   7.9843803e-06   8.7905763e-06   4.7229466e-06   4.7527298e-06   3.7943273e-06   3.0908754e-06   1.4468124e-06   3.2058856e-07   3.0847985e-07   9.1123921e-07   9.6239359e-07   1.4020850e-06   7.8792672e-07   6.5901649e-07   5.4974534e-07   7.1407008e-07   5.9746644e-07   5.7990039e-07   7.1490205e-07   6.0269700e-07   4.2224052e-07   7.4457728e-07   5.9099854e-07   6.0829085e-07   4.0456731e-07   3.3513069e-07   9.2435336e-07   2.2914827e-07   4.2566877e-07   3.1233980e-07   5.1635216e-07   3.1007180e-07   3.3892418e-07   5.0598217e-07   4.1616238e-07   7.4417021e-07   7.1836093e-07
   2.3163844e-06   2.5894721e-06   1.8875313e-06   2.6289249e-06   2.2562211e-06   2.2722924e-06   2.7612134e-06   2.4518244e-06   2.6352256e-06   2.8285080e-06   2.8229671e-06   3.7780610e-06   5.2575171e-06   5.4518871e-06   5.4238178e-06   1.6950273e-05   2.9752813e-05   6.1727526e-05   2.3818787e-04   2.1506343e-03   0.0000000e+00   2.5839329e-03   2.5913582e-04   4.7186621e-05   3.5571277e-05   9.7405805e-06   6.9990180e-06   5.4199179e-06   5.3199959e-06   3.4419997e-06   3.5306995e-06   9.2471659e-07   5.5098893e-07   3.9447517e-07   7.5788457e-07   1.5584217e-06   2.1305818e-06   1.6322370e-06   5.7425335e-07   6.9539941e-07   8.9956870e-07   9.3397289e-07   9.5687481e-07   1.1037378e-06   7.7164351e-07   9.0320027e-07   1.7161761e-06   6.9323344e-07   4.6613722e-07   3.3344006e-07   3.2781707e-07   4.4422211e-07   3.7737103e-07   3.8775563e-07   4.4014531e-07   4.2532053e-07   3.8564011e-07   4.6444226e-07   4.2068266e-07   8.4905055e-07   7.9219599e-07   6.7436000e-07
   1.8491633e-06   2.4517024e-06   2.9602853e-06   2.0388555e-06   2.3530372e-06   2.2282233e-06   3.0113503e-06   2.8789633e-06   3.2879063e-06   3.7952571e-06   4.0980880e-06   3.5231116e-06   4.8063976e-06   3.8167732e-06   1.0970334e-05   9.1515380e-06   1.5321116e-05   4.2256773e-05   1.2444175e-04   2.2505963e-04   2.5839329e-03   0.0000000e+00   2.0241711e-03   2.0530259e-04   5.9886229e-05   1.2633931e-05   5.7961200e-06   5.1006148e-06   5.2345675e-06   2.1303415e-06   2.8920509e-06   1.2026232e-06   5.7963248e-07   6.0121968e-07   9.3712315e-07   2.1691386e-06   2.6022319e-06   1.5095847e-06   9.9695483e-07   1.0898990e-06   1.1063093e-06   1.2521540e-06   7.8798931e-07   1.0060041e-06   1.1361023e-06   5.9912528e-07   1.2519812e-06   8.6658558e-07   6.0873492e-07   4.5438538e-07   4.3213673e-07   7.2607148e-07   7.0349671e-07   4.9439346e-07   6.6582208e-07   3.8757975e-07   2.8383448e-07   5.7782109e-07   4.7961498e-07   9.0202136e-07   8.6867304e-07   1.5759946e-06
   4.2590017e-06   1.8583620e-06   3.0665428e-06   2.4824221e-06   2.3534662e-06   3.1189390e-06   2.9519832e-06   3.6457678e-06   3.9684430e-06   2.9290639e-06   4.2070411e-06   3.0072041e-06   3.7358480e-06   3.3057772e-06   5.3081047e-06   1.4101904e-05   1.4368953e-05   3.7467796e-05   4.0777216e-05   5.7284713e-05   2.5913582e-04   2.0241711e-03   0.0000000e+00   2.5779712e-03   9.6552955e-05   1.3765504e-05   5.7914103e-06   6.1977520e-06   7.0540382e-06   2.4110310e-06   2.2311089e-06   1.2699810e-06   7.5679078e-07   8.3443497e-07   9.0931473e-07   2.8991101e-06   4.1513514e-06   1.2966800e-06   9.5064050e-07   1.0658620e-06   9.9385584e-07   1.3963128e-06   9.2668169e-07   2.2077878e-06   8.9022723e-07   1.0893525e-06   1.3752474e-06   1.1389443e-06   8.8076672e-07   5.7159714e-07   4.6520304e-07   5.3932089e-07   6.1023152e-07   7.0543292e-07   9.3497100e-07   5.3207044e-07   7.8797275e-07   7.3261044e-07   1.0678258e-06   6.7909672e-07   7.9598718e-07   1.3482487e-06
   3.4382242e-06   2.2509280e-06   3.1266143e-06   2.2986956e-06   2.9391821e-06   3.1951762e-06   2.6189003e-06   3.1652765e-06   3.0743154e-06   2.2168173e-06   2.6955273e-06   2.8085172e-06   3.0665006e-06   3.5526721e-06   2.9739612e-06   8.0010611e-06   1.1018872e-05   1.3366501e-05   2.8185637e-05   2.8925592e-05   4.7186621e-05   2.0530259e-04   2.5779712e-03   0.0000000e+00   5.6696025e-04   3.1849987e-05   1.0493241e-05   6.4935264e-06   5.1458387e-06   2.2144382e-06   2.2230934e-06   1.0587235e-06   6.0322667e-07   9.3703138e-07   7.9908465e-07   2.3301858e-06   2.0684497e-06   1.2762520e-06   7.5352766e-07   1.1563673e-06   1.0991907e-06   1.3422538e-06   7.6648381e-07   4.5893068e-07   1.6993333e-06   1.0701399e-06   2.3795718e-06   8.4954448e-07   1.3840374e-06   5.5848940e-07   6.5184038e-07   8.3405337e-07   5.5427230e-07   5.7908467e-07   5.9428031e-07   7.5589575e-07   5.0259268e-07   5.2127840e-07   7.1318004e-07   5.1635836e-07   1.6207134e-06   1.4242109e-06
   2.9828762e-06   3.0521400e-06   3.0283124e-06   2.3444992e-06   3.9392619e-06   3.1029943e-06   3.5999791e-06   4.1480749e-06   2.7804451e-06   3.9431202e-06   4.5474556e-06   3.1137642e-06   5.0636091e-06   2.4811363e-06   3.7720470e-06   8.0815634e-06   1.0805501e-05   1.1057411e-05   1.3215597e-05   1.8369942e-05   3.5571277e-05   5.9886229e-05   9.6552955e-05   5.6696025e-04   0.0000000e+00   2.3482232e-04   7.1550272e-05   2.6779835e-05   1.0544947e-05   3.4477143e-06   3.6601567e-06   4.0763982e-06   1.9795720e-06   1.0802702e-06   1.1497234e-06   3.2252853e-06   3.9444039e-06   2.9197207e-06   5.0496588e-06   2.2999528e-06   2.7457781e-06   2.5351329e-06   1.1394577e-06   1.0820695e-06   2.5577780e-06   3.2535586e-06   2.4531731e-06   3.7222253e-06   2.0339383e-06   1.4387070e-06   9.1800988e-07   1.2288322e-06   2.0764053e-06   1.7414531e-06   1.3155170e-06   1.6848950e-06   8.8419457e-07   1.4971107e-06   7.9215634e-07   1.2018830e-06   1.9899039e-06   9.5064776e-07
   3.0393931e-06   3.5175567e-06   3.7117132e-06   4.1143303e-06   3.2388281e-06   5.3191350e-06   3.7570651e-06   4.7816136e-06   4.0886236e-06   5.6947983e-06   5.6325153e-06   5.5150292e-06   3.9459614e-06   2.4795293e-06   4.2910811e-06   8.4273630e-06   6.5704198e-06   7.4898954e-06   5.5866360e-06   7.9843803e-06   9.7405805e-06   1.2633931e-05   1.3765504e-05   3.1849987e-05   2.3482232e-04   0.0000000e+00   5.2806886e-04   2.0751949e-04   3.5218654e-05   4.0090143e-06   4.4946848e-06   4.2402737e-06   2.5227494e-06   9.0731435e-07   1.7087574e-06   3.8950475e-06   4.9106012e-06   1.7597159e-06   3.1397148e-06   2.6777556e-06   1.0129160e-06   1.8949241e-06   1.0319258e-06   1.0272604e-06   1.2529946e-06   1.2709895e-06   1.4501050e-06   2.0811317e-06   3.5508357e-06   1.7047811e-06   1.5792398e-06   2.1530188e-06   1.8382947e-06   1.7301985e-06   1.6179335e-06   1.0366606e-06   1.0347420e-06   2.0622403e-06   1.5450652e-06   1.4369568e-06   1.7841566e-06   1.7590782e-06
   1.5359847e-06   2.1570151e-06   1.4453476e-06   1.2705461e-06   2.2274961e-06   2.2052172e-06   3.2039370e-06   1.6797865e-06   1.4613332e-06   1.8736566e-06   3.2558137e-06   3.1288278e-06   4.0558157e-06   3.1543474e-06   2.6644339e-06   5.1225685e-06   6.0190608e-06   4.3220471e-06   8.3513926e-06   8.7905763e-06   6.9990180e-06   5.7961200e-06   5.7914103e-06   1.0493241e-05   7.1550272e-05   5.2806886e-04   0.0000000e+00   1.1579979e-03   1.0506707e-04   1.5805114e-05   6.0629986e-06   1.7224675e-06   8.1818026e-07   7.6687249e-07   1.1150689e-06   2.0048724e-06   4.0209213e-06   1.2654884e-06   1.9832918e-06   1.6546064e-06   9.1392574e-07   9.7856018e-07   4.9632177e-07   1.0149595e-06   1.4112935e-06   8.8364823e-07   9.0919179e-07   1.3536764e-06   1.1003524e-06   9.7118992e-07   1.4412303e-06   1.2698363e-06   8.3777263e-07   9.0783111e-07   1.0060842e-06   1.1708150e-06   1.0467691e-06   3.1082607e-07   6.4682605e-07   8.4486344e-07   6.7914506e-07   8.9042884e-07
   1.1232280e-06   1.4363851e-06   1.2044694e-06   1.6853150e-06   1.4453339e-06   1.8621045e-06   2.1227251e-06   1.6574118e-06   1.5499597e-06   2.2508858e-06   2.7774038e-06   3.4975468e-06   3.1343294e-06   2.7162548e-06   3.8702133e-06   3.4545576e-06   3.4647253e-06   2.4838640e-06   4.2388920e-06   4.7229466e-06   5.4199179e-06   5.1006148e-06   6.1977520e-06   6.4935264e-06   2.6779835e-05   2.0751949e-04   1.1579979e-03   0.0000000e+00   2.4765252e-03   2.4923165e-05   1.8353811e-05   1.4967895e-06   3.3749013e-07   8.7741839e-07   1.3123583e-06   1.8170930e-06   2.3036766e-06   8.2697492e-07   2.0408552e-06   1.1054476e-06   6.9098630e-07   8.3377557e-07   5.9518184e-07   6.6048029e-07   6.5937516e-07   8.4510902e-07   7.6063658e-07   8.9664581e-07   9.6608244e-07   5.0493336e-07   7.0562988e-07   5.7338226e-07   6.7507710e-07   6.6245612e-07   4.9138610e-07   5.4725575e-07   4.8137423e-07   5.3550097e-07   7.3981037e-07   6.9273816e-07   6.1595071e-07   6.2336872e-07
   9.5745333e-07   1.6859876e-06   1.3564907e-06   2.1553889e-06   2.1695346e-06   2.0024342e-06   1.8656342e-06   2.3392197e-06   1.6792045e-06   1.6855335e-06   2.6089967e-06   2.8464036e-06   4.8952585e-06   3.8708870e-06   3.1459090e-06   2.7117806e-06   2.9036453e-06   2.7663373e-06   3.9391121e-06   4.7527298e-06   5.3199959e-06   5.2345675e-06   7.0540382e-06   5.1458387e-06   1.0544947e-05   3.5218654e-05   1.0506707e-04   2.4765252e-03   0.0000000e+00   4.2752869e-05   2.7644923e-05   1.6750747e-06   5.0258747e-07   1.2640695e-06   8.2195933e-07   1.6153393e-06   1.8310804e-06   1.3097241e-06   1.4826793e-06   7.7134336e-07   7.6235758e-07   7.6345933e-07   1.0323663e-06   7.8355518e-07   8.1717265e-07   5.6021812e-07   5.3584967e-07   1.0079844e-06   1.1539141e-06   5.9996119e-07   9.0159229e-07   5.2170497e-07   7.2858984e-07   5.8062523e-07   6.1349590e-07   7.7574217e-07   9.7098897e-07   8.7771220e-07   9.7460983e-07   5.7321353e-07   1.3249851e-06   1.5233708e-06
   4.2367468e-07   4.0714227e-07   5.1147223e-07   6.3311874e-07   5.6893950e-07   6.9437353e-07   5.7834854e-07   6.0397501e-07   5.3068356e-07   7.3004124e-07   7.8858472e-07   7.4926249e-07   9.2203338e-07   9.5276105e-07   1.1814896e-06   1.3722785e-06   1.3552299e-06   1.8443996e-06   2.6551858e-06   3.7943273e-06   3.4419997e-06   2.1303415e-06   2.4110310e-06   2.2144382e-06   3.4477143e-06   4.0090143e-06   1.5805114e-05   2.4923165e-05   4.2752869e-05   0.0000000e+00   1.3531473e-03   5.9068507e-07   3.1137956e-07   3.3252955e-07   5.8516726e-07   9.7299156e-07   6.2918394e-07   4.5287724e-07   2.6819222e-07   3.7618924e-07   4.3071912e-07   3.5156799e-07   2.7280421e-07   3.5029359e-07   3.0565183e-07   1.6058669e-07   2.4686315e-07   2.8975076e-07   3.1879331e-07   2.2649897e-07   1.1551423e-07   1.1471202e-07   1.6893741e-07   1.8763216e-07   1.7510088e-07   1.7895358e-07   2.5827964e-07   1.8755341e-07   1.7115639e-07   2.0153859e-07   2.7200390e-07   2.3826448e-07
   4.2544009e-07   3.4595176e-07   4.4867855e-07   5.5251388e-07   5.4093255e-07   4.4155064e-07   5.3684161e-07   6.9851657e-07   7.4437597e-07   7.2592539e-07   8.5077839e-07   7.2730821e-07   1.0608425e-06   1.2137284e-06   1.3073650e-06   1.3216432e-06   1.2899741e-06   2.2019490e-06   2.7142412e-06   3.0908754e-06   3.5306995e-06   2.8920509e-06   2.2311089e-06   2.2230934e-06   3.6601567e-06   4.4946848e-06   6.0629986e-06   1.8353811e-05   2.7644923e-05   1.3531473e-03   0.0000000e+00   7.6680579e-07   2.9601960e-07   3.0637013e-07   5.9278523e-07   8.0813510e-07   6.2467396e-07   7.7331253e-07   4.0950049e-07   4.2679441e-07   2.7005516e-07   3.4575764e-07   4.0212624e-07   2.5744674e-07   3.3378357e-07   2.3850553e-07   2.3991986e-07   2.3483353e-07   2.8158242e-07   1.8521490e-07   1.5485730e-07   1.3672506e-07   1.8197359e-07   2.1420362e-07   1.6446309e-07   1.7146195e-07   1.5742881e-07   1.5717400e-07   1.6978079e-07   2.4714412e-07   2.1457899e-07   3.8279769e-07
   3.2730525e-07   7.3180022e-07   8.7056359e-07   4.0784917e-07   6.5281082e-07   7.5886924e-07   9.3206833e-07   5.3106877e-07   3.6338905e-07   6.3115221e-07   5.3014524e-07   5.1295215e-07   5.1955828e-07   7.1021842e-07   9.8759496e-07   2.1583204e-06   8.5692822e-07   8.5211661e-07   8.5113868e-07   1.4468124e-06   9.2471659e-07   1.2026232e-06   1.2699810e-06   1.0587235e-06   4.0763982e-06   4.2402737e-06   1.7224675e-06   1.4967895e-06   1.6750747e-06   5.9068507e-07   7.6680579e-07   0.0000000e+00   2.0627716e-03   4.5310904e-05   4.1644227e-05   1.0178512e-05   4.1336121e-06   2.9634968e-06   2.7823803e-06   2.6956788e-06   1.6911926e-06   1.3438753e-06   1.4560275e-06   1.2925417e-06   1.0814777e-06   8.4935605e-07   1.4702273e-06   1.1262815e-06   1.0831819e-06   9.1014046e-07   9.4581158e-07   1.0921632e-06   9.0376365e-07   9.4253213e-07   1.0055923e-06   1.3985208e-06   7.8359797e-07   6.0491200e-07   9.3763539e-07   8.5395785e-07   9.5318736e-07   6.7698424e-07
   2.1249192e-07   3.3230503e-07   4.8682241e-07   2.0964191e-07   2.6711937e-07   2.9002751e-07   3.7646016e-07   4.1779138e-07   3.2589751e-07   2.5862985e-07   3.3779184e-07   3.0033942e-07   2.8970736e-07   2.7307581e-07   3.8984224e-07   1.0301955e-06   1.5381120e-06   6.2054264e-07   4.0170954e-07   3.2058856e-07   5.5098893e-07   5.7963248e-07   7.5679078e-07   6.0322667e-07   1.9795720e-06   2.5227494e-06   8.1818026e-07   3.3749013e-07   5.0258747e-07   3.1137956e-07   2.9601960e-07   2.0627716e-03   0.0000000e+00   1.0069696e-03   7.0658650e-05   2.5733666e-05   4.8879865e-06   2.7064096e-06   2.2831495e-06   1.9455201e-06   1.5517553e-06   1.8436309e-06   1.1179172e-06   6.1753477e-07   9.8661288e-07   1.0286113e-06   1.0598949e-06   1.2258314e-06   9.0066407e-07   6.9788076e-07   4.9606567e-07   6.6860181e-07   6.4095687e-07   7.1519411e-07   7.2290825e-07   6.9254301e-07   1.1087521e-06   8.7799990e-07   5.6670655e-07   8.0910542e-07   1.0135292e-06   7.2990841e-07
   3.1861180e-07   3.2846877e-07   2.4014599e-07   2.0973375e-07   2.2825382e-07   2.2298758e-07   2.1254685e-07   3.9866592e-07   2.0033756e-07   3.4226897e-07   3.2169932e-07   3.9658798e-07   2.3236741e-07   4.2174280e-07   2.7917687e-07   1.0426066e-06   3.8248785e-07   3.5103423e-07   2.8469859e-07   3.0847985e-07   3.9447517e-07   6.0121968e-07   8.3443497e-07   9.3703138e-07   1.0802702e-06   9.0731435e-07   7.6687249e-07   8.7741839e-07   1.2640695e-06   3.3252955e-07   3.0637013e-07   4.5310904e-05   1.0069696e-03   0.0000000e+00   1.6998496e-03   1.9856044e-05   4.6933724e-06   3.6751945e-06   2.9198143e-06   2.2549632e-06   1.8068517e-06   1.5722688e-06   1.3294933e-06   1.1732760e-06   1.3388594e-06   9.0659044e-07   6.8111588e-07   7.6028395e-07   1.0053829e-06   6.8261195e-07   7.3460982e-07   6.2252736e-07   5.9661101e-07   6.7669147e-07   8.0271579e-07   7.7133354e-07   5.9018517e-07   6.4426881e-07   5.9687818e-07   6.0184945e-07   8.6497646e-07   5.8854132e-07
   3.7418541e-07   4.8968988e-07   3.7853426e-07   4.5466422e-07   4.4350065e-07   3.1733595e-07   3.6493953e-07   3.9006870e-07   4.7018466e-07   3.7963987e-07   2.6691442e-07   4.3630092e-07   6.0799333e-07   4.4171567e-07   4.9312885e-07   1.4265599e-06   9.6115248e-07   8.6106605e-07   8.4598080e-07   9.1123921e-07   7.5788457e-07   9.3712315e-07   9.0931473e-07   7.9908465e-07   1.1497234e-06   1.7087574e-06   1.1150689e-06   1.3123583e-06   8.2195933e-07   5.8516726e-07   5.9278523e-07   4.1644227e-05   7.0658650e-05   1.6998496e-03   0.0000000e+00   2.2295636e-04   1.4217286e-05   5.4205055e-06   4.5844638e-06   3.0691000e-06   3.6510913e-06   3.0822364e-06   2.1955646e-06   1.7315356e-06   1.9874878e-06   1.9101674e-06   1.6804769e-06   1.6233590e-06   2.6723866e-06   1.1488619e-06   1.7574888e-06   2.1497447e-06   1.2561209e-06   1.7238891e-06   1.1898708e-06   7.7208603e-07   8.7184828e-07   9.0606054e-07   7.8003675e-07   6.7676165e-07   1.2450146e-06   7.1471423e-07
   1.0654361e-06   9.5518649e-07   6.5586143e-07   8.6045423e-07   7.0247856e-07   6.9319557e-07   1.1500864e-06   1.2467771e-06   1.2573097e-06   9.1871898e-07   9.4826921e-07   6.7612939e-07   9.4285422e-07   1.2690079e-06   1.3735688e-06   2.0174753e-06   2.3478268e-06   2.3148761e-06   1.6635167e-06   9.6239359e-07   1.5584217e-06   2.1691386e-06   2.8991101e-06   2.3301858e-06   3.2252853e-06   3.8950475e-06   2.0048724e-06   1.8170930e-06   1.6153393e-06   9.7299156e-07   8.0813510e-07   1.0178512e-05   2.5733666e-05   1.9856044e-05   2.2295636e-04   0.0000000e+00   8.6320881e-04   3.3320185e-05   3.6360856e-05   1.4702382e-05   6.7700408e-06   5.0204122e-06   4.7462395e-06   4.1257612e-06   4.0926003e-06   3.6143431e-06   4.9230608e-06   5.1307718e-06   5.3466334e-06   1.8621863e-06   2.2298526e-06   2.7008116e-06   2.1133900e-06   2.2533911e-06   2.0295449e-06   1.1682267e-06   2.2427893e-06   1.6814365e-06   2.6253433e-06   3.1629484e-06   2.9492256e-06   4.4769242e-06
   9.0136791e-07   4.8944373e-07   7.7233437e-07   8.5325652e-07   1.1115386e-06   7.7489377e-07   8.5112530e-07   9.5158760e-07   9.0960656e-07   8.1283856e-07   1.6496531e-06   7.6486420e-07   1.6080062e-06   1.4256537e-06   1.8064026e-06   3.8341025e-06   2.7225199e-06   1.5674156e-06   1.7295684e-06   1.4020850e-06   2.1305818e-06   2.6022319e-06   4.1513514e-06   2.0684497e-06   3.9444039e-06   4.9106012e-06   4.0209213e-06   2.3036766e-06   1.8310804e-06   6.2918394e-07   6.2467396e-07   4.1336121e-06   4.8879865e-06   4.6933724e-06   1.4217286e-05   8.6320881e-04   0.0000000e+00   6.8638751e-04   6.2864546e-05   4.0073224e-05   1.5953335e-05   1.0360873e-05   5.2041792e-06   5.6517518e-06   4.7455834e-06   3.4484727e-06   4.1968073e-06   5.3194506e-06   4.4649940e-06   2.0123141e-06   2.5856464e-06   2.9054958e-06   2.1483038e-06   2.1370302e-06   2.0239290e-06   1.4480456e-06   1.7884076e-06   1.3562359e-06   2.5761323e-06   3.7250450e-06   4.5550590e-06   4.2281392e-06
   6.5891214e-07   7.1876894e-07   6.6100305e-07   6.1118496e-07   5.3070802e-07   5.6085602e-07   2.9843951e-07   6.6455858e-07   5.1457617e-07   5.0924502e-07   4.5233010e-07   5.7309684e-07   8.8908578e-07   6.9053995e-07   1.4575663e-06   1.8744826e-06   1.1060033e-06   1.7995291e-06   7.3583279e-07   7.8792672e-07   1.6322370e-06   1.5095847e-06   1.2966800e-06   1.2762520e-06   2.9197207e-06   1.7597159e-06   1.2654884e-06   8.2697492e-07   1.3097241e-06   4.5287724e-07   7.7331253e-07   2.9634968e-06   2.7064096e-06   3.6751945e-06   5.4205055e-06   3.3320185e-05   6.8638751e-04   0.0000000e+00   9.5871464e-04   7.5073005e-05   3.0676482e-05   1.0363976e-05   5.7815505e-06   5.2726634e-06   4.4782535e-06   2.8480065e-06   2.6747727e-06   3.1952995e-06   4.0434076e-06   2.4463522e-06   2.1851101e-06   2.1653673e-06   1.8781297e-06   1.1119996e-06   1.0158111e-06   1.2326348e-06   1.9361910e-06   1.2765248e-06   1.7484937e-06   2.2048577e-06   1.7241584e-06   2.3010231e-06
   3.9582836e-07   5.9311546e-07   9.3275582e-07   6.3067129e-07   6.9480112e-07   8.5714561e-07   4.5928055e-07   6.8674619e-07   8.2692039e-07   8.1013485e-07   7.8559164e-07   8.1609395e-07   7.3366996e-07   9.0960912e-07   1.6785364e-06   2.7595053e-06   1.5860281e-06   1.3718736e-06   9.4375881e-07   6.5901649e-07   5.7425335e-07   9.9695483e-07   9.5064050e-07   7.5352766e-07   5.0496588e-06   3.1397148e-06   1.9832918e-06   2.0408552e-06   1.4826793e-06   2.6819222e-07   4.0950049e-07   2.7823803e-06   2.2831495e-06   2.9198143e-06   4.5844638e-06   3.6360856e-05   6.2864546e-05   9.5871464e-04   0.0000000e+00   1.3300392e-03   8.9634416e-05   2.0984497e-05   1.1797483e-05   6.7088415e-06   6.5471496e-06   5.3989356e-06   4.4556311e-06   4.8400511e-06   4.1534393e-06   2.2853039e-06   2.7666634e-06   2.0957879e-06   2.0855550e-06   1.5724693e-06   1.9073673e-06   2.3341694e-06   1.7705000e-06   2.0041808e-06   1.9220140e-06   1.8925173e-06   1.3449362e-06   1.9426852e-06
   6.6752167e-07   4.9228065e-07   6.0743798e-07   4.5934761e-07   6.3751903e-07   4.0718501e-07   5.0462612e-07   4.6580311e-07   6.2173906e-07   5.0163812e-07   5.3008618e-07   4.8608410e-07   6.4307203e-07   6.1884767e-07   8.1688895e-07   1.4534649e-06   1.5954452e-06   6.3824293e-07   6.8756041e-07   5.4974534e-07   6.9539941e-07   1.0898990e-06   1.0658620e-06   1.1563673e-06   2.2999528e-06   2.6777556e-06   1.6546064e-06   1.1054476e-06   7.7134336e-07   3.7618924e-07   4.2679441e-07   2.6956788e-06   1.9455201e-06   2.2549632e-06   3.0691000e-06   1.4702382e-05   4.0073224e-05   7.5073005e-05   1.3300392e-03   0.0000000e+00   5.5801278e-04   6.2521836e-05   1.7359160e-05   1.2737356e-05   1.1768166e-05   6.6480328e-06   5.5479580e-06   4.5725739e-06   2.7621049e-06   2.3334392e-06   2.0044410e-06   2.7053346e-06   2.3958643e-06   1.7002868e-06   1.5063888e-06   1.4805704e-06   1.6548382e-06   1.6564201e-06   1.3235314e-06   1.9849264e-06   1.8586385e-06   1.8964926e-06
